TIME VECTOR
Length: 95
[0, 0.018, 0.035, 0.051, 0.067, 0.085, 0.118, 0.134, 0.151, 0.168, 0.201, 0.218, 0.234, 0.251, 0.268, 0.301, 0.319, 0.335, 0.351, 0.368, 0.402, 0.418, 0.435, 0.452, 0.468, 0.485, 0.518, 0.535, 0.552, 0.568, 0.586, 0.619, 0.635, 0.652, 0.669, 0.686, 0.719, 0.736, 0.752, 0.769, 0.786, 0.819, 0.836, 0.853, 0.87, 0.886, 0.919, 0.936, 0.953, 0.971, 0.986, 1.02, 1.036, 1.053, 1.07, 1.086, 1.12, 1.136, 1.154, 1.17, 1.187, 1.22, 1.237, 1.254, 1.27, 1.287, 1.32, 1.337, 1.354, 1.37, 1.387, 1.42, 1.437, 1.454, 1.47, 1.487, 1.521, 1.538, 1.554, 1.571, 1.588, 1.621, 1.638, 1.654, 1.671, 1.688, 1.721, 1.738, 1.754, 1.771, 1.788, 1.822, 1.838, 1.855, 1.872]
X VECTOR
Length: 95
[0.0351499, 0.137104, 0.216312, 0.243374, 0.177808, 0.200033, 0.344659, 0.455543, 0.1813, 0.214524, 0.19106, 0.20806, 0.0278273, -0.272702, -0.50043, -0.599229, -0.485598, -0.22454, 0.0367308, 0.277662, 0.25647, 0.192312, 0.025783, -0.0341033, -0.0576046, 0.128088, -0.0240696, 0.182444, 0.353925, 0.854812, 1.07314, 0.150016, -0.0554147, -0.118551, 0.0750244, 0.128999, -0.0683561, -0.236923, -0.420785, -0.469506, -0.324278, 0.133904, 0.247723, 0.160301, 0.190347, 0.429524, 0.888848, 0.864511, 0.573375, 0.154505, -0.0664811, -0.744739, -1.35619, -1.72246, -1.97259, -1.90925, -0.993747, -0.531781, -0.230137, 0.0557335, 0.246562, 0.150915, 0.0670475, -0.0199495, 0.022483, 0.402541, 0.684478, 0.606967, 0.458541, 0.387434, 0.434103, 0.398233, 0.216188, 0.12072, 0.141166, 0.266683, 0.412062, 0.288998, 0.13458, -0.0333553, -0.0407089, -0.108035, -0.174395, -0.176257, -0.186054, 0.055315, 0.0466495, 0.00943847, 0.00411257, -0.192636, -0.312572, -0.246969, -0.304845, -0.419567, -0.694239]
Y VECTOR
Length: 95
[-1.94621, -1.6258, -0.92457, -0.816263, -0.556141, 0.950031, 2.33721, 4.09806, 3.81571, 2.92699, 4.45921, 3.39953, 1.77578, 0.513034, -0.14856, -1.12237, -1.89882, -2.41789, -2.66116, -2.49754, -2.02839, -2.55053, -3.47249, -4.07767, -4.13569, -1.40863, 5.32397, 3.88264, 1.84356, 1.64733, 3.4917, 5.35522, 4.33466, 3.15889, 1.88648, 0.395863, -2.19978, -2.9027, -3.12194, -3.2124, -3.30834, -3.16564, -2.68919, -2.29319, -1.87513, 0.867769, 2.32783, 2.1491, 3.76264, 5.7705, 6.13232, 4.15746, 1.71409, -0.3416, -1.34147, -1.09832, -1.28715, -2.24833, -3.2365, -3.56885, -2.66085, -0.154533, -0.074893, -0.91057, -1.586, -0.161121, 4.46105, 2.30875, 0.205758, 0.372135, 2.08162, 3.37708, 2.36374, 1.18734, 0.221785, -0.311379, -0.481953, -0.317223, -0.250671, -0.66722, -1.20868, -2.36459, -2.65311, -3.14242, -3.45695, -1.65426, 2.29481, 1.03576, 2.09793, 3.42165, 2.87133, 4.41086, 3.57229, 2.39896, 1.77464]
Z VECTOR
Length: 95
[0.174121, -0.0322122, -0.432167, -0.372373, -0.270589, -0.6038, -0.680343, -1.33353, -0.730947, -0.561037, -0.431371, 0.0519107, 0.498366, 1.09946, 1.37625, 1.42548, 1.22689, 0.790683, 0.422612, -0.0678453, -0.563725, -0.45571, -0.293055, 0.000146223, 0.346347, -0.737264, -0.906209, -0.639581, -0.206557, -0.40106, -0.875887, -0.434635, -0.215551, 0.0340627, 0.415511, 0.610816, 0.865705, 0.891891, 0.923728, 0.807118, 0.919612, 0.771487, 0.609173, 0.429643, 0.21784, -0.958188, -0.819763, -1.23761, -1.47607, -1.65642, -1.64045, -0.830563, 0.247974, 0.933931, 1.35561, 1.23987, 0.932948, 1.0074, 0.971194, 0.875028, 0.61497, -0.152104, -0.087041, 0.348016, 0.731081, -0.089537, -1.22757, -0.573625, -0.233457, -0.325754, -0.665324, -0.776574, -0.307062, 0.182889, 0.902209, 1.17117, 1.34864, 1.0302, 0.827764, 0.503161, 0.424855, 0.0669015, 0.109074, 0.109314, -0.015751, -0.728728, -1.2398, -0.810917, -1.37409, -1.00521, -0.607586, -0.639319, -0.132484, 0.490774, 0.939226]
