TIME VECTOR
Length: 138
[0, 0.017, 0.033, 0.051, 0.067, 0.1, 0.117, 0.134, 0.15, 0.167, 0.2, 0.217, 0.234, 0.251, 0.267, 0.301, 0.317, 0.335, 0.351, 0.367, 0.401, 0.418, 0.434, 0.451, 0.468, 0.501, 0.518, 0.535, 0.551, 0.568, 0.601, 0.618, 0.635, 0.652, 0.668, 0.702, 0.719, 0.735, 0.751, 0.768, 0.802, 0.819, 0.835, 0.852, 0.868, 0.902, 0.919, 0.935, 0.952, 0.969, 1.002, 1.019, 1.035, 1.052, 1.069, 1.103, 1.119, 1.136, 1.152, 1.169, 1.203, 1.219, 1.236, 1.253, 1.27, 1.286, 1.319, 1.336, 1.353, 1.37, 1.387, 1.42, 1.437, 1.453, 1.47, 1.487, 1.52, 1.537, 1.553, 1.571, 1.588, 1.622, 1.637, 1.655, 1.671, 1.687, 1.721, 1.738, 1.754, 1.771, 1.787, 1.821, 1.838, 1.854, 1.871, 1.887, 1.921, 1.938, 1.955, 1.971, 1.988, 2.021, 2.038, 2.055, 2.071, 2.088, 2.121, 2.138, 2.155, 2.171, 2.188, 2.222, 2.239, 2.255, 2.272, 2.289, 2.322, 2.339, 2.355, 2.372, 2.389, 2.422, 2.439, 2.455, 2.472, 2.489, 2.523, 2.539, 2.556, 2.573, 2.589, 2.623, 2.639, 2.657, 2.673, 2.69, 2.706, 2.74]
X VECTOR
Length: 138
[-0.303729, -0.251149, -0.254816, -0.337528, -0.454703, -0.450725, -0.537257, -0.60149, -0.623478, -0.4508, -0.337928, -0.0209497, 0.0558001, -0.09323, -0.341508, -0.80293, -0.859715, -1.09229, -1.18758, -1.32676, -0.844059, -0.515989, -0.37108, 0.0207001, 0.0508872, 0.401773, 0.514317, 0.48577, 0.575644, 0.717001, 0.518803, 0.401108, 0.325183, 0.539601, 0.847868, 0.557763, 0.429119, 0.430233, 0.533841, 0.612738, 0.260912, 0.125247, 0.165184, 0.257976, 0.113856, 0.130845, -0.209801, -0.531582, -0.677486, -0.320501, -0.541354, -0.844283, -0.832274, -0.588024, -0.219448, -0.0509474, -0.310006, -0.58592, -0.494306, -0.233496, 0.444901, 0.666324, 0.274734, -0.314265, -0.444889, -0.577708, 0.245872, 0.213572, 0.216244, 0.259092, 0.237731, 0.995889, 1.36795, 1.06638, 0.539454, 0.108997, -0.113015, 0.0576957, 0.300163, 0.492827, 0.542346, 0.577367, 0.419293, 0.407347, 0.353403, 0.58995, 0.390433, 0.773131, 0.284183, 0.104613, -0.287413, -0.159172, -0.113827, -0.417022, -0.687945, -0.807736, -0.491859, -0.281623, -0.265665, -0.275551, -0.306708, -0.185674, -0.309908, -0.367983, -0.401146, -0.408148, -0.577711, -0.566794, -0.460292, -0.64752, -0.538579, -0.109715, 0.181762, 0.256215, 0.229415, 0.156839, 0.88051, 1.02043, 0.698175, 0.504246, 0.309484, 0.186427, 0.326579, 0.420759, 0.564621, 0.596819, 0.44603, 0.263444, 0.201291, 0.0909873, 0.152324, 0.191364, 0.608057, 0.287658, -0.0730104, -0.279542, -0.407121, -0.603306]
Y VECTOR
Length: 138
[-0.447704, -0.870495, -1.54758, -2.05614, -0.0687199, 2.29575, 1.414, 1.01738, 0.843298, 1.29023, 3.07415, 2.57064, 1.06788, -0.422223, -1.39504, -2.04813, -1.59348, -1.02497, -0.620862, -0.582752, -0.530251, 1.05119, 2.98578, 1.20057, 0.475907, 2.88573, 3.06203, 4.24596, 4.93397, 4.42532, -0.631676, -2.71683, -4.22316, -4.46034, -3.64122, -1.85891, -1.54581, -1.34974, -1.48669, -1.61793, -1.48449, -1.2977, 0.147106, 4.88965, 5.06936, 2.04966, -0.476181, 0.609288, 3.32289, 4.6218, 5.2221, 3.66835, 0.737453, -1.8735, -3.4795, -4.72135, -4.09398, -2.6999, -1.26198, 0.453105, 1.15619, -0.646218, -1.66584, -2.23263, -1.44553, 2.53025, -0.1848, 2.07736, 3.46374, 3.67694, 3.98243, 4.96133, 3.9036, 1.68291, 0.41329, -0.793365, -4.09689, -5.16584, -4.73954, -3.15101, -1.72143, -0.597661, -0.952522, -1.32457, -1.54464, -0.441228, 5.3848, 2.96312, 2.47872, 0.649265, 1.19084, 3.56965, 3.90618, 3.7421, 2.24264, 0.33293, -2.13658, -2.88794, -3.50192, -3.92294, -3.69109, -1.68718, 1.04885, 2.90242, 3.11166, 1.53125, -0.81218, -1.22514, 0.89513, 5.29784, 2.36682, -2.3368, -1.16456, 0.53545, 0.918669, 1.55737, 6.04656, 4.01956, 0.547374, -1.66089, -2.56881, -2.14302, -1.70728, -0.755938, -0.0694046, 0.260124, -0.824108, -2.00373, -2.54124, -2.82573, -1.72782, 6.00121, 3.68682, 2.59255, 2.38911, 1.72389, 0.836675, 0.767571]
Z VECTOR
Length: 138
[-0.433731, -0.343655, -0.0699339, 0.0354989, -0.583444, -0.653497, -0.150495, 0.325234, 0.537432, 0.555252, 0.252, 0.196817, 0.427065, 0.621349, 0.769813, 0.807014, 0.644761, 0.399194, 0.163919, -0.0437302, -0.62805, -1.23415, -1.88687, -1.1408, -0.490648, 0.119246, 0.181895, 0.0851376, -0.0902051, -0.134526, 0.829773, 1.29917, 1.63408, 1.28128, 1.07442, 0.50213, 0.0754026, -0.0870086, -0.198313, -0.000572549, 0.342308, 0.472322, -0.136751, -1.24611, -0.795395, -0.560444, 0.0334187, -0.0704101, -0.286851, -0.428754, -0.645509, 0.0273718, 0.52366, 0.936546, 0.98389, 1.12523, 1.30631, 1.23313, 0.687211, 0.026414, -0.66643, -0.362807, -0.197753, 0.188981, -0.182194, -1.02734, -0.239798, -0.561381, -0.352064, -0.344005, -0.359657, -0.565482, -0.528162, -0.0242983, 0.22946, 0.47286, 1.16691, 1.15167, 0.886993, 0.584263, 0.212113, -0.393989, -0.399282, -0.340307, -0.209847, -1.04572, -1.50247, -1.30672, -0.763823, 0.00909243, 0.117841, -0.120383, -0.462562, -0.381481, -0.0519812, 0.200062, 0.163413, 0.160595, 0.201509, 0.402621, 0.496913, 0.406135, -0.13841, -0.639009, -0.87703, -0.59923, 0.0681835, 0.133352, -0.748049, -1.79717, -0.595188, 0.494452, 0.564366, 0.399657, 0.654616, 0.518767, -0.486216, -0.379747, 0.653294, 1.13083, 1.55177, 1.72518, 1.34418, 0.793954, 0.203324, -0.299411, -0.175914, 0.168198, 0.437984, 0.825515, 0.614977, -1.23042, -0.538897, -0.835553, -0.419923, -0.216092, 0.237707, 0.387102]
