SUM VECTOR
Length: 94
[0, 0.017, 0.033, 0.067, 0.083, 0.101, 0.117, 0.133, 0.167, 0.183, 0.2, 0.233, 0.267, 0.284, 0.301, 0.317, 0.334, 0.367, 0.384, 0.401, 0.417, 0.435, 0.468, 0.484, 0.501, 0.518, 0.534, 0.568, 0.585, 0.601, 0.618, 0.634, 0.668, 0.685, 0.701, 0.718, 0.735, 0.768, 0.785, 0.801, 0.818, 0.835, 0.868, 0.885, 0.902, 0.919, 0.935, 0.969, 0.985, 1.002, 1.019, 1.037, 1.069, 1.085, 1.103, 1.119, 1.136, 1.169, 1.186, 1.202, 1.219, 1.236, 1.269, 1.286, 1.303, 1.319, 1.336, 1.353, 1.387, 1.403, 1.42, 1.437, 1.453, 1.487, 1.503, 1.521, 1.536, 1.553, 1.587, 1.603, 1.62, 1.638, 1.653, 1.687, 1.704, 1.72, 1.737, 1.754, 1.788, 1.804, 1.821, 1.837, 1.854, 1.888]
TIME VECTOR
Length: 94
[0, 0.017, 0.016, 0.034, 0.016, 0.018, 0.016, 0.016, 0.034, 0.016, 0.017, 0.033, 0.034, 0.017, 0.017, 0.016, 0.017, 0.033, 0.017, 0.017, 0.016, 0.018, 0.033, 0.016, 0.017, 0.017, 0.016, 0.034, 0.017, 0.016, 0.017, 0.016, 0.034, 0.017, 0.016, 0.017, 0.017, 0.033, 0.017, 0.016, 0.017, 0.017, 0.033, 0.017, 0.017, 0.017, 0.016, 0.034, 0.016, 0.017, 0.017, 0.018, 0.032, 0.016, 0.018, 0.016, 0.017, 0.033, 0.017, 0.016, 0.017, 0.017, 0.033, 0.017, 0.017, 0.016, 0.017, 0.017, 0.034, 0.016, 0.017, 0.017, 0.016, 0.034, 0.016, 0.018, 0.015, 0.017, 0.034, 0.016, 0.017, 0.018, 0.015, 0.034, 0.017, 0.016, 0.017, 0.017, 0.034, 0.016, 0.017, 0.016, 0.017, 0.034]
X VECTOR
Length: 94
[0.16254, 0.243254, 0.35853, 0.618613, 0.368273, 0.0999394, -0.0897458, -0.204134, -0.509528, -0.645309, -0.0781419, 0.678546, 0.542323, -0.102299, -0.304357, -0.328267, -0.0527871, -0.11695, -0.533112, -0.772064, -0.802055, -0.812134, -0.686254, -0.556195, -0.325103, -0.198548, -0.113131, -0.111728, -0.324225, -0.451415, -0.555833, -0.461185, 0.187551, -0.0612544, 0.130108, -0.0215979, 0.0241924, 0.262647, 0.60698, 1.1681, 1.38364, 1.0559, -0.00126921, -0.300882, -0.364296, -0.220442, 0.071246, 0.230514, 0.207961, 0.0653374, -0.0776526, -0.141645, -0.0608341, -0.051133, 0.0923078, 0.814532, 0.351075, 0.325505, 0.0220128, -0.0982047, -0.044869, -0.136245, -0.744099, -0.977712, -1.01493, -0.762004, -0.2694, -0.0535614, -0.203299, -0.405245, -0.455199, -0.256989, -0.227519, -0.483386, -0.424645, -0.454989, -0.460622, -0.529149, 0.287959, 0.684117, 0.713185, 0.659527, 0.605447, 0.105685, -0.140888, -0.11752, 0.340036, 0.925222, 0.769532, 0.530291, 0.292904, 0.0506484, 0.0398526, 0.368708]
Y VECTOR
Length: 94
[-1.36978, -1.5072, -0.0847397, 1.22187, 0.0145092, -1.1865, -2.40779, -3.16124, -3.8949, -3.64842, -0.987534, 5.02299, 5.14202, 4.34799, 3.008, 3.5856, 4.03473, 1.96643, 0.135724, -0.802795, -1.53955, -2.75373, -4.00155, -3.90322, -3.04957, -1.97628, -0.922822, 1.90671, 2.52982, 2.31926, 1.64632, 1.38694, 3.7862, -1.07081, -4.12828, -2.09088, 1.44878, 3.47318, 2.96978, 3.43363, 2.94989, 1.27584, -1.48958, -2.65093, -3.58164, -3.96675, -3.42046, -0.660928, 0.221028, 0.596184, 0.587952, 0.337781, -0.349029, -1.36616, -2.06236, 1.47876, 6.22445, -0.118752, 0.235336, 1.30396, 1.59209, 2.51013, 2.82396, 1.99318, 1.42039, 1.13906, 0.770451, -0.210829, -2.49133, -2.89427, -2.82851, -1.9625, -0.573296, 1.15474, 1.04777, 0.866075, 0.408566, -0.0892439, 1.74668, 3.80866, -0.285533, -3.40026, -2.0963, 2.89831, 1.19379, 1.47028, 3.49555, 3.83539, 0.0869083, -1.13329, -2.04543, -3.02753, -3.3108, -0.549087]
Z VECTOR
Length: 94
[1.09347, 1.20892, 1.12934, 0.800935, 0.775672, 0.780811, 0.884649, 0.97862, 1.30419, 1.13435, -0.404706, -1.25195, -1.60074, -0.514467, -0.440859, -0.342507, -0.364874, 0.045797, 0.444394, 0.676977, 0.818942, 1.10249, 1.17626, 0.953104, 0.536748, 0.13809, -0.311632, -1.18105, -0.991586, -1.06279, -0.750636, -0.737834, -1.13909, 0.699055, 0.270719, 0.183898, 0.198011, 0.354909, 0.570013, 0.302409, 0.0446949, 0.0599345, 0.138639, 0.301194, 0.541778, 0.56921, 0.532665, 0.11801, 0.0874226, 0.182137, 0.286833, 0.175451, 0.411991, 0.732471, 0.805121, -1.48945, -0.835456, -0.984622, -0.823303, -0.915716, -0.749932, -0.920361, -0.0702608, 0.306025, 0.456534, 0.366823, 0.170881, 0.323983, 0.533809, 0.660204, 0.491317, 0.147604, -0.0107048, 0.021713, -0.206655, -0.190695, -0.342534, -0.310804, -1.86245, -1.92601, -0.500788, -0.376063, -0.401753, 0.397848, 0.457101, 0.538483, 0.347402, 0.0530586, 0.0336177, 0.20886, 0.525002, 0.95658, 1.03442, 0.465784]
X VECTOR SMOOTH
Length: 94
[0.16254, 0.243254, 0.35853, 0.251629, 0.199247, 0.0917067, -0.0516988, -0.151235, -0.10691, -0.0437127, -0.0455061, -0.0598236, -0.0339291, 0.0507168, 0.0451728, -0.127921, -0.315691, -0.415656, -0.488196, -0.539337, -0.611252, -0.640988, -0.593193, -0.49906, -0.400442, -0.330741, -0.297192, -0.29714, -0.316581, -0.261424, -0.254013, -0.219465, -0.176232, -0.108288, 0.00863729, 0.161232, 0.301311, 0.507724, 0.63998, 0.642884, 0.596445, 0.506882, 0.388679, 0.231985, 0.067253, -0.0538811, -0.0443658, -0.012476, 0.0193313, 0.0421324, 0.0246497, 0.00490599, 0.0915589, 0.132379, 0.189973, 0.213352, 0.208014, 0.208908, 0.176258, -0.0464035, -0.23623, -0.427721, -0.539724, -0.56418, -0.565422, -0.575001, -0.526593, -0.451949, -0.343671, -0.267316, -0.297885, -0.350897, -0.386853, -0.394764, -0.405328, -0.327479, -0.197245, -0.0263063, 0.128575, 0.280066, 0.360967, 0.416433, 0.358508, 0.309353, 0.339644, 0.355359, 0.344623, 0.371368, 0.39873, 0.421212, 0.425308, 0.0506484, 0.0398526, 0.368708]
Y VECTOR SMOOTH
Length: 94
[-1.36978, -1.5072, -0.0847397, -0.759948, -1.01587, -1.35697, -1.86607, -2.1817, -1.4662, -0.562125, 0.402987, 1.28431, 2.35295, 3.45054, 3.87254, 3.17436, 2.3251, 1.48402, 0.660916, -0.422963, -1.55695, -2.27353, -2.57524, -2.59239, -2.10007, -1.34527, -0.442299, 0.350492, 0.984279, 1.80749, 1.78635, 0.924209, 0.264109, 0.139755, 0.400735, 0.626856, 0.576487, 1.15087, 1.92289, 2.00879, 1.42311, 0.415283, -0.57565, -1.5548, -2.07064, -2.22132, -1.92336, -1.46066, -0.900742, -0.383924, -0.0904528, -0.290658, -0.110982, 0.693056, 0.592098, 0.577463, 0.813604, 1.23621, 1.88942, 2.0816, 1.47713, 1.69701, 1.82611, 1.74989, 1.49233, 0.77784, -0.0390503, -0.727864, -1.21113, -1.45576, -1.40086, -1.22106, -0.741429, -0.269595, 0.121729, 0.651613, 1.27761, 1.07185, 0.436422, 0.0132247, 0.368903, 0.552194, 0.512707, 0.467977, 1.05668, 1.55485, 1.69242, 0.986172, 0.383126, -0.299886, -0.877691, -3.02753, -3.3108, -0.549087]
Z VECTOR SMOOTH
Length: 94
[1.09347, 1.20892, 1.12934, 0.953399, 0.936992, 0.950603, 0.951319, 0.779085, 0.489424, 0.149202, -0.0506717, -0.253454, -0.488698, -0.702873, -0.638515, -0.39618, -0.0707913, 0.119696, 0.340175, 0.557141, 0.745424, 0.815559, 0.771802, 0.630572, 0.344859, 0.0457052, -0.274158, -0.517549, -0.699633, -0.882086, -0.737703, -0.530308, -0.362381, -0.182268, -0.0243328, 0.162502, 0.36843, 0.274951, 0.244838, 0.238373, 0.253113, 0.279809, 0.279694, 0.312588, 0.323061, 0.326988, 0.333202, 0.331151, 0.278818, 0.256359, 0.284902, 0.383061, 0.157793, 0.0124228, -0.169214, -0.311893, -0.501565, -0.713337, -0.959834, -0.757093, -0.594024, -0.388145, -0.218127, -0.0628987, 0.0905178, 0.298256, 0.402609, 0.429079, 0.384946, 0.331013, 0.309704, 0.233898, 0.130397, -0.0128508, -0.127439, -0.41459, -0.688205, -0.762848, -0.787049, -0.8172, -0.711431, -0.60173, -0.25874, 0.0660328, 0.145154, 0.20368, 0.29091, 0.309075, 0.380429, 0.451278, 0.46819, 0.95658, 1.03442, 0.465784]
