 05/17/2018 12:56:49    6.52    False     -0.01596761       0.0216559     0.001952524             1.5      1.5              -1  0.9915224  0.3809658   1.256737
 05/17/2018 12:56:49    6.54    False     -0.01650675      0.01232109     0.005940361             1.5      1.5              -1  0.9878753  0.4128696   1.242943
 05/17/2018 12:56:49    6.56    False     -0.01981317     0.006971494     0.008187924             1.5      1.5              -1  0.9583895  0.4400449   1.216779
 05/17/2018 12:56:49    6.58    False     -0.02729328      0.01553629     0.007710033             1.5      1.5              -1  0.9112702  0.4763813   1.097972
 05/17/2018 12:56:49     6.6    False     -0.03411213      0.01485391      0.01129957             1.5      1.5              -1  0.8116242   0.520101  0.8871675
 05/17/2018 12:56:49    6.62    False     -0.03291421      0.07344585    -0.007795034             1.5      1.5              -1  0.7248694  0.5549173  0.6395683
 05/17/2018 12:56:49    6.64    False      -0.0349037      0.08785738     -0.03102651             1.5      1.5              -1  0.7882613  0.5256998  0.7260416
 05/17/2018 12:56:49    6.66    False      -0.0349037      0.08785738     -0.03102651        1.499997      1.5       -1.000314  0.8650182  0.4499102  0.8277544
 05/17/2018 12:56:49    6.68    False     -0.04450651      0.05194389     -0.04224643         1.49999      1.5       -1.001245   1.107483  0.1537173   1.413125
 05/17/2018 12:56:49     6.7    False     -0.05116553    -0.009180671     -0.04115563        1.499985      1.5       -1.003073   1.158327    359.875    1.84281
 05/17/2018 12:56:49    6.72    False     -0.03862986     -0.06507778     -0.03717738        1.499989      1.5       -1.004902  0.9862003   359.2614   2.194349
 05/17/2018 12:56:49    6.74    False     -0.02419388     -0.06883612     -0.02758279        1.500013      1.5       -1.006729   1.073152   358.8617   2.276848
 05/17/2018 12:56:49    6.76    False     -0.03403544      -0.1390239      0.01260429        1.500055      1.5       -1.008849   1.009889   358.5389   2.301525
 05/17/2018 12:56:49    6.78    False     -0.04526994      -0.1345834       0.0103512        1.500123      1.5        -1.01154  0.5799729   358.2824   2.321258
 05/17/2018 12:56:49     6.8    False     -0.04526994      -0.1345834       0.0103512        1.500229      1.5       -1.015062   359.8496   357.9916   2.449353
 05/17/2018 12:56:49    6.82    False      0.03144516       0.2011779     -0.04538595         1.50039      1.5       -1.019646   359.2068   357.3044   2.793432
 05/17/2018 12:56:49    6.84    False      0.04266088        0.142922    -0.003847492        1.500664      1.5        -1.02548   359.4817    356.971   2.767361
 05/17/2018 12:56:49    6.86    False      0.04473562       0.1418135    -0.007411111        1.501047      1.5       -1.032717   359.5976   356.7798    2.61597
 05/17/2018 12:56:49    6.88    False      0.01954688     -0.08035569      0.02428384        1.501539      1.5       -1.041463   359.5578   356.7556   2.352385
 05/17/2018 12:56:49     6.9    False    -0.000580423      -0.1156659      0.02398884        1.502124      1.5        -1.05178   359.8266   356.9181   2.212423
 05/17/2018 12:56:49    6.92    False      0.01129199     -0.07769237      0.03257844        1.502765      1.5       -1.063689   359.7679   357.1955   1.549915
 05/17/2018 12:56:49    6.94    False      0.02388917      -0.1436287      0.02272416        1.503426      1.5        -1.07717   359.6894   357.4756   1.438331
 05/17/2018 12:56:49    6.96    False      0.02814813       -0.109467       0.0060884        1.504087      1.5        -1.09217   359.8603   357.8451   1.534595
 05/17/2018 12:56:49    6.98    False       0.0404296     -0.04372422     -0.02450431        1.504705      1.5       -1.108605 -0.003018582   358.1754   1.678881
 05/17/2018 12:56:49       7    False      0.05192972     -0.05035457      -0.0344287        1.505229      1.5       -1.125043   359.7891   358.5331   1.684932
 05/17/2018 12:56:49    7.02    False      0.05913951     -0.08328936      -0.0319223         1.50565      1.5       -1.141484   359.5205   358.7361   1.602527
 05/17/2018 12:56:49    7.04    False      0.06598032     -0.03405838     -0.04414647        1.506015      1.5       -1.158037    359.388   358.6363   1.935177
 05/17/2018 12:56:49    7.06    False      0.06975827      0.05941563      -0.0659559        1.506409      1.5       -1.174588   359.5109   358.5655   2.050828
 05/17/2018 12:56:49    7.08    False      0.06667608       0.1065582     -0.07502358        1.506824      1.5        -1.19114    359.581   358.4924   2.130612
 05/17/2018 12:56:49     7.1    False      0.05778018      0.08453637      -0.0660045        1.507262      1.5       -1.207799   359.5892   358.4421    2.11761
 05/17/2018 12:56:49    7.12    False      0.03740143      0.03351934     -0.04555401        1.507721      1.5       -1.224671   359.5501   358.4225   2.100598
 05/17/2018 12:56:50    7.14    False     0.009236783      0.04121251     -0.01623511        1.508186      1.5       -1.241543   359.5161   358.3526   2.097127
 05/17/2018 12:56:50    7.16    False     0.009236783      0.04121251     -0.01623511        1.508665      1.5       -1.258205   359.5257   358.2984   2.105533
 05/17/2018 12:56:50    7.18    False     0.005216732      0.01664502    -0.008953996        1.509148      1.5       -1.274455   359.4912   358.2362   2.126068
 05/17/2018 12:56:50     7.2    False     -0.00408266     -0.01680888    -0.004925996         1.50963      1.5       -1.290106   359.4273   358.1894   2.178585
 05/17/2018 12:56:50    7.22    False     -0.01499611     -0.01091469    -0.001833777          1.5101      1.5       -1.304994   359.2984   358.1119   2.314079
 05/17/2018 12:56:50    7.24    False     -0.01968742      0.01538439     0.006058595        1.510561      1.5       -1.318979   359.1866   358.0555   2.504872
 05/17/2018 12:56:50    7.26    False     -0.01508221     0.005552066       0.0162234        1.511002      1.5       -1.331953   359.1645   358.0499    2.45459
 05/17/2018 12:56:50    7.28    False     -0.01508221     0.005552066       0.0162234        1.511407      1.5        -1.34384   359.1503    358.023   2.436718
 05/17/2018 12:56:50     7.3    False    -0.009070762     0.007751324      0.01373347        1.511778      1.5       -1.354596   359.1458   357.9569   2.461252
 05/17/2018 12:56:50    7.32    False     -0.01235677       0.0130344     0.004154808        1.512121      1.5       -1.364207   359.1346   357.8878   2.560623
 05/17/2018 12:56:50    7.34    False     -0.02221074     -0.02496485      0.01204488        1.512433      1.5       -1.372688   358.9408   357.7934   2.677953
 05/17/2018 12:56:50    7.36    False     -0.01021458     -0.01961632      0.02084546        1.512718      1.5       -1.380079   358.7612   357.7732   2.551394
 05/17/2018 12:56:50    7.38    False      0.00355858     -0.02273914      0.03702031        1.512966      1.5       -1.386441   358.6146   357.7953   2.353776
 05/17/2018 12:56:50     7.4    False      0.01855601     -0.02268235      0.03776034        1.513174      1.5       -1.391849   358.5631   357.8285   2.242028
 05/17/2018 12:56:50    7.42    False      0.01855601     -0.02268235      0.03776034        1.513346      1.5       -1.396388   358.5629   357.8174   2.311828
 05/17/2018 12:56:50    7.44    False       0.0268045      0.01510656      0.02239609        1.513489      1.5       -1.400151   358.5496   357.7655   2.419652
 05/17/2018 12:56:50    7.46    False      0.01301504      0.01359795      0.01021154        1.513609      1.5       -1.403232   358.5338   357.7662   2.386494
 05/17/2018 12:56:50    7.48    False    -0.005743432     -0.02200317     0.009031709        1.513707      1.5       -1.405724   358.4621   357.7894   2.207585
 05/17/2018 12:56:50     7.5    False    -0.005911099     -0.01197139    -0.005265892        1.513783      1.5       -1.407713   358.5027   357.8293   2.079454
 05/17/2018 12:56:50    7.52    False     0.009801269      0.03383063     -0.01388462        1.513843      1.5       -1.409282   358.5585   357.8338    2.03381
 05/17/2018 12:56:50    7.54    False      0.02115233      0.01485439      -0.0163422        1.513889      1.5       -1.410504   358.6027   357.8456   2.061325
 05/17/2018 12:56:50    7.56    False      0.02003702    -0.009752292      -0.0247464        1.513924      1.5       -1.411443   358.6287   357.8561   2.104152
 05/17/2018 12:56:50    7.58    False      0.01118054    -0.001530971     -0.03276639        1.513951      1.5       -1.412157   358.7323    357.899   2.113163
 05/17/2018 12:56:50     7.6    False     0.005245171     0.003346974     -0.03585376        1.513971      1.5       -1.412693   358.7666   357.9415   2.059685
 05/17/2018 12:56:50    7.62    False      0.01049322     -0.02263985       -0.043652        1.513985      1.5       -1.413089   358.7241   357.9844   1.970499
 05/17/2018 12:56:50    7.64    False      0.03469025     -0.01827615     -0.04231318        1.513995      1.5        -1.41338   358.4182   358.0926   1.632122
 05/17/2018 12:56:50    7.66    False      0.03469025     -0.01827615     -0.04231318        1.514002      1.5       -1.413589   358.2991   358.1063   1.580029
 05/17/2018 12:56:50    7.68    False      0.04219024      0.01046191     -0.04176566        1.514007      1.5       -1.413739   358.3109   358.0854   1.639689
 05/17/2018 12:56:50     7.7    False      0.04630201      0.03883597     -0.04577823        1.514011      1.5       -1.413844   358.2024   358.0973   1.681819
 05/17/2018 12:56:50    7.72    False      0.04089942      0.02126837     -0.05152909        1.514013      1.5       -1.413918   357.9796    358.144    1.69293
 05/17/2018 12:56:50    7.74    False      0.03868445      0.01646744     -0.05544514        1.514015      1.5       -1.413968   357.7776   358.2103    1.59112
 05/17/2018 12:56:50    7.76    False       0.0623633      0.05947466     -0.04276868        1.514016      1.5       -1.414003   357.7869   358.3407   1.412523
 05/17/2018 12:56:50    7.78    False       0.0623633      0.05947466     -0.04276868        1.514017      1.5       -1.414037   357.8172   358.3499   1.440561
 05/17/2018 12:56:50     7.8    False      0.06663471      0.02887926     -0.03018365        1.514027      1.5       -1.414385   357.8266   358.3582   1.483954
 05/17/2018 12:56:50    7.82    False      0.06252506      0.02112852     -0.03078504        1.514037      1.5       -1.414733   357.9081   358.3395   1.644709
 05/17/2018 12:56:50    7.84    False      0.04966577       0.0527953     -0.03266886        1.514047      1.5       -1.415076   358.1505   358.3035    1.75588
 05/17/2018 12:56:50    7.86    False      0.02903899     -0.02321984    -0.005903255        1.514057      1.5        -1.41542   359.0818   358.1979   1.634118
 05/17/2018 12:56:50    7.88    False      0.00622516      -0.1324811    -0.001590227        1.514068      1.5       -1.415764   358.7933   358.1859   1.596332
 05/17/2018 12:56:50     7.9    False     -0.01513874      -0.1295811     -0.01096921        1.514079      1.5       -1.416107   358.6136   358.2039   1.620465
 05/17/2018 12:56:50    7.92    False     -0.01513874      -0.1295811     -0.01096921        1.514099      1.5       -1.416761   358.5059   358.1273   1.726804
 05/17/2018 12:56:50    7.94    False     -0.01760251     -0.04571284     -0.02434861        1.514141      1.5       -1.418022   358.4279   358.0605   1.858024
 05/17/2018 12:56:50    7.96    False     -0.03236433     -0.02245761     -0.01654517        1.514213      1.5       -1.420168   358.4207   358.0287   1.844179
 05/17/2018 12:56:50    7.98    False     -0.02614183     -0.01011522     -0.01234996        1.514287      1.5       -1.422314   358.3944    358.015   1.822766
 05/17/2018 12:56:50       8    False     -0.01675508      0.01953697    -0.009277466        1.514361      1.5       -1.424433    358.375   358.0144   1.788744
 05/17/2018 12:56:50    8.02    False     -0.01728343      0.01945372    -0.009897216        1.514432      1.5         -1.4265   358.3548   358.0347   1.742765
 05/17/2018 12:56:50    8.04    False     -0.01728343      0.01945372    -0.009897216        1.514501      1.5        -1.42849   358.3685   358.0712   1.721898
 05/17/2018 12:56:50 8.059999    False     0.007705119      0.05162492     -0.01415435        1.514565      1.5       -1.430384   358.5025   358.1447   1.783921
 05/17/2018 12:56:50    8.08    False      0.01717243      0.06205445     -0.01751633        1.514626      1.5       -1.432278   358.6185   358.1735   1.801877
 05/17/2018 12:56:50 8.099999    False      0.02209753      0.04711175     -0.01521253        1.514696      1.5       -1.434462   358.6559   358.1742   1.768235
 05/17/2018 12:56:50    8.12    False      0.03220106    -0.005349208    -0.008832877        1.514783      1.5       -1.437217   358.7034   358.1684   1.741748
 05/17/2018 12:56:50 8.139999    False      0.03366908     -0.02812365    -0.008812729        1.514871      1.5       -1.439972   358.7132   358.1544   1.734198
 05/17/2018 12:56:51    8.16    False      0.02977046    -0.007713981     -0.01284796        1.514959      1.5       -1.442692   358.8114   358.0441   1.713137
 05/17/2018 12:56:51 8.179999    False       0.0201581      0.01284244    -0.009064877         1.51505      1.5       -1.445346   358.8208   358.0291   1.646588
 05/17/2018 12:56:51     8.2    False     0.007185442     -0.03164304     0.005088234        1.515138      1.5       -1.447901   358.7549   358.0068    1.49383
 05/17/2018 12:56:51    8.22    False      0.00392379     -0.05461947     0.007469661        1.515222      1.5       -1.450332    358.739   358.0044   1.482361
 05/17/2018 12:56:51    8.24    False      0.01075549     -0.00176631    -0.005025267        1.515307      1.5       -1.452763   358.8357   357.9291   1.530799
 05/17/2018 12:56:51    8.26    False     0.009135645     -0.02490777     -0.01743064        1.515395      1.5       -1.455194   359.0172   357.7018   1.688971
 05/17/2018 12:56:51    8.28    False     0.009135645     -0.02490777     -0.01743064        1.515491      1.5       -1.457594   358.9546    357.691   1.630225
 05/17/2018 12:56:51     8.3    False    -0.007413333     -0.07465716      -0.0104034        1.515586      1.5       -1.459935   358.8319   357.6046   1.486542
 05/17/2018 12:56:51    8.32    False      -0.0144577      -0.0602188     -0.01028395        1.515684      1.5       -1.462276   358.7201   357.5606   1.382752
 05/17/2018 12:56:51    8.34    False    -0.009687653     -0.01752734     -0.01126501        1.515795      1.5       -1.464901   358.5719   357.5412   1.312391
 05/17/2018 12:56:51    8.36    False     -0.00461438      0.01732487    -0.001060783        1.515908      1.5       -1.467527   358.3596    357.627   1.219929
 05/17/2018 12:56:51    8.38    False     0.002629858       0.0314149     0.001698419        1.516016      1.5        -1.47012    358.299   357.7032    1.20436
 05/17/2018 12:56:51     8.4    False     0.004720647      0.03906266    -2.44031E-06        1.516117      1.5       -1.472649   358.2594   357.7697   1.210366
 05/17/2018 12:56:51    8.42    False     0.004720647      0.03906266    -2.44031E-06        1.516212      1.5       -1.475085   358.2649   357.8785    1.19669
 05/17/2018 12:56:51    8.44    False     0.006022633      0.02789988    -0.002123079        1.516298      1.5       -1.477403   358.2637   357.9785   1.151834
 05/17/2018 12:56:51    8.46    False      0.01530475      0.02531465    -0.006432997        1.516375      1.5        -1.47958   358.3236   358.0699   1.088273
 05/17/2018 12:56:51    8.48    False      0.03646229     0.003784687     -0.01473769        1.516443      1.5       -1.481601   358.4916   358.1153   1.018337
 05/17/2018 12:56:51     8.5    False      0.02676007     0.004110661     -0.01254175        1.516504      1.5       -1.483451   358.5334   358.0851    1.03093
 05/17/2018 12:56:51    8.52    False      0.01640476     0.001660116    -0.006068652         1.51656      1.5       -1.485126      358.6   358.0551  0.9925738
 05/17/2018 12:56:51    8.54    False      0.01640476     0.001660116    -0.006068652         1.51661      1.5       -1.486623   358.7401   358.0018  0.8946009
 05/17/2018 12:56:51 8.559999    False      0.01772153      0.02775207      -0.0031036        1.516657      1.5       -1.487943   358.9494   357.8969  0.8807104
 05/17/2018 12:56:51    8.58    False     -0.01250727     -0.04025482     0.007376601        1.516699      1.5       -1.489094   358.9678   357.7972  0.9563304
 05/17/2018 12:56:51 8.599999    False     -0.01207436      -0.0400363      0.00869724        1.516737      1.5       -1.490085    359.017   357.7853  0.9456967
 05/17/2018 12:56:51    8.62    False     -0.01986305     -0.01301816   -0.0001003946         1.51677      1.5       -1.490927    359.129   357.7835  0.9326801
 05/17/2018 12:56:51 8.639999    False     -0.01826863    -0.009725939    -0.001518151        1.516797      1.5       -1.491634   359.1477   357.8028  0.9231179
 05/17/2018 12:56:51    8.66    False     -0.01628874     -0.05013528      0.01542396        1.516819      1.5       -1.492219   359.1253   357.8228  0.8907183
 05/17/2018 12:56:51 8.679999    False     -0.01118431     -0.04915464      0.03171116        1.516842      1.5       -1.492805   358.9608   357.9846  0.7833519
 05/17/2018 12:56:51     8.7    False     -0.01532594     -0.01948416      0.03161886        1.516873      1.5       -1.493698   358.8953   358.0852  0.7664337
 05/17/2018 12:56:51    8.72    False     -0.01893277     0.005716512      0.02801975        1.516903      1.5       -1.494591   358.9451   358.1611  0.7711529
 05/17/2018 12:56:51    8.74    False     -0.01337744      0.03840769      0.01594469        1.516931      1.5       -1.495473   359.0704   358.2761  0.8091775
 05/17/2018 12:56:51    8.76    False    -0.004564504      0.04027261     0.008776898        1.516957      1.5       -1.496333   359.1874   358.3453  0.8451928
 05/17/2018 12:56:51    8.78    False     -0.00494639     -0.01279576      0.01315075        1.516981      1.5       -1.497162   359.1028   358.4523  0.8194614
 05/17/2018 12:56:51     8.8    False    -0.007847252     -0.05398707      0.01994773        1.517002      1.5        -1.49795   359.0113   358.5697  0.7297416
 05/17/2018 12:56:51    8.82    False    -0.004027408     -0.03585202      0.01909103        1.517022      1.5       -1.498738   359.0049   358.5986  0.7119084
 05/17/2018 12:56:51    8.84    False     0.002745501     0.009834953     0.008119367        1.517041      1.5       -1.499526   359.0109   358.6315  0.7351227
 05/17/2018 12:56:51    8.86    False     0.007253953      0.02882986    -0.005317438         1.51706      1.5       -1.500304    359.031   358.6734  0.8494943
 05/17/2018 12:56:51    8.88    False     0.007765853     -0.01866893   -0.0007625938        1.517077      1.5       -1.501064   359.0722   358.6729  0.9836006
 05/17/2018 12:56:51     8.9    False     0.001821848      -0.0273621    -0.001793888        1.517094      1.5       -1.501795   359.0872   358.6618    1.01286
 05/17/2018 12:56:51    8.92    False     0.001821848      -0.0273621    -0.001793888        1.517111      1.5        -1.50249   359.0772   358.6695   1.030164
 05/17/2018 12:56:51    8.94    False    -0.005223053     -0.03089142    -0.002831568        1.517126      1.5       -1.503144   359.0317   358.6989   1.034911
 05/17/2018 12:56:51    8.96    False    -0.007983563     -0.02212667    -0.003899448        1.517139      1.5        -1.50375   358.9408   358.7465   1.023689
 05/17/2018 12:56:51    8.98    False    -0.001240145      0.02271454     -0.01643149        1.517152      1.5       -1.504305   358.8977   358.8915   1.010159
 05/17/2018 12:56:51       9    False     0.003696705      0.05295965      -0.0323625        1.517161      1.5       -1.504808   359.0494   359.0143   1.063176
 05/17/2018 12:56:51    9.02    False     0.006034002      0.03099596     -0.03634104         1.51717      1.5       -1.505311   359.2187   359.1245   1.182284
 05/17/2018 12:56:51    9.04    False     0.006034002      0.03099596     -0.03634104        1.517178      1.5       -1.505813   359.2765   359.2018   1.237628
 05/17/2018 12:56:51 9.059999    False     0.009211622     -0.02599558     -0.03294805        1.517185      1.5        -1.50631   359.2268    359.244   1.276609
 05/17/2018 12:56:51    9.08    False      0.01968219      -0.0146174     -0.02991989        1.517191      1.5       -1.506794   359.1592   359.3085   1.296054
 05/17/2018 12:56:51 9.099999    False      0.02139039     -0.00167976     -0.02114908        1.517197      1.5        -1.50726   359.1476   359.3247   1.297492
 05/17/2018 12:56:51    9.12    False      0.01909759     0.008452966     -0.01778487        1.517202      1.5       -1.507704   359.1334   359.3371   1.292269
 05/17/2018 12:56:51 9.139999    False     0.008904812       0.0375667     -0.01978037        1.517207      1.5        -1.50812    359.135   359.3475   1.298067
 05/17/2018 12:56:52    9.16    False     0.008904812       0.0375667     -0.01978037        1.517211      1.5       -1.508507   359.1693   359.3645   1.320059
 05/17/2018 12:56:52 9.179999    False    0.0003749386      0.03136492      -0.0231878        1.517215      1.5       -1.508861   359.2304   359.3974   1.354044
 05/17/2018 12:56:52     9.2    False    -0.003234477     0.001332196      -0.0201464        1.517218      1.5       -1.509182   359.2567    359.425   1.347138
 05/17/2018 12:56:52    9.22    False    -0.002539819     -0.00582932     -0.01800287        1.517221      1.5       -1.509468   359.3083   359.4728   1.338789
 05/17/2018 12:56:52    9.24    False     0.004740756     -0.01502798     -0.03173141        1.517224      1.5       -1.509721   359.3291   359.4983   1.348412
 05/17/2018 12:56:52    9.26    False      0.01257989     -0.02065123     -0.03858785        1.517226      1.5       -1.509941   359.3576   359.5256   1.364919
 05/17/2018 12:56:52    9.28    False      0.01714901     -0.02449174     -0.03752803        1.517227      1.5       -1.510131   359.3573   359.5344   1.379419
 05/17/2018 12:56:52     9.3    False      0.01278477     -0.02984639     -0.03405843        1.517228      1.5       -1.510292    359.352   359.5584   1.376278
 05/17/2018 12:56:52    9.32    False     0.007361345     -0.02089231      -0.0342509        1.517229      1.5       -1.510427   359.3725   359.5735   1.363363
 05/17/2018 12:56:52    9.34    False     0.008055268    0.0003285028     -0.03881745         1.51723      1.5        -1.51054    359.404   359.5907   1.354079
 05/17/2018 12:56:52    9.36    False     0.008394265      0.01017892     -0.04207495        1.517231      1.5       -1.510631   359.4485   359.6041   1.339295
 05/17/2018 12:56:52    9.38    False      0.01124103      0.01071738     -0.04816227        1.517231      1.5       -1.510706    359.491   359.6282   1.305066
 05/17/2018 12:56:52     9.4    False      0.01864693      0.04341585     -0.06417651        1.517232      1.5       -1.510765   359.5659   359.7077   1.277657
 05/17/2018 12:56:52    9.42    False      0.01864693      0.04341585     -0.06417651        1.517232      1.5       -1.510812   359.6109   359.7364   1.298988
 05/17/2018 12:56:52    9.44    False      0.02206043      0.03458926     -0.06512091        1.517232      1.5       -1.510848    359.643   359.7742   1.343965
 05/17/2018 12:56:52    9.46    False      0.02151582     0.009414843     -0.05600119        1.517232      1.5       -1.510876   359.6583   359.7984   1.367392
 05/17/2018 12:56:52    9.48    False      0.01898703    -0.007927148     -0.04612177        1.517232      1.5       -1.510897    359.711   359.8358   1.377779
 05/17/2018 12:56:52     9.5    False       0.0112331     -0.03817838     -0.04323931        1.517232      1.5       -1.510913   359.8204   359.8933   1.281666