 05/17/2018 12:53:17     8.2    False      0.03488151    -0.003860929    -0.009170332             1.5      1.5              -1   0.325093   3.621135   356.1146
 05/17/2018 12:53:17    8.22    False      0.03488151    -0.003860929    -0.009170332             1.5      1.5              -1  0.3083316   3.605924   356.0954
 05/17/2018 12:53:17    8.24    False      0.03677147    7.750643E-05    -0.008889687             1.5      1.5              -1  0.2918739   3.581103   356.0646
 05/17/2018 12:53:17    8.26    False       0.0435096    -0.004258478     -0.01084131             1.5      1.5              -1  0.2560917   3.494154   355.9885
 05/17/2018 12:53:17    8.28    False      0.04839447     0.007284437     -0.01484066             1.5      1.5              -1  0.2438198   3.428425   355.9612
 05/17/2018 12:53:17     8.3    False      0.05019046      0.01309382      -0.0161968             1.5      1.5              -1  0.2069637   3.362738   355.9299
 05/17/2018 12:53:17    8.32    False      0.04679777     0.007536698     -0.01071764             1.5      1.5              -1  0.1538658    3.30211   355.8915
 05/17/2018 12:53:17    8.34    False      0.04540697     0.004820861    -0.007411253             1.5      1.5              -1 0.06195998   3.243504   355.8315
 05/17/2018 12:53:17    8.36    False      0.04492968     0.008695599    -0.008124481             1.5      1.5              -1   359.8781   3.175949   355.5947
 05/17/2018 12:53:17    8.38    False      0.04151931      0.01625282    -0.007035228             1.5      1.5              -1   359.7503   3.151552   355.4198
 05/17/2018 12:53:17     8.4    False      0.03500291      0.03697747    -0.008748508             1.5      1.5              -1   359.7047   3.177701   355.2776
 05/17/2018 12:53:17    8.42    False      0.03225411      0.04055823    -0.009728711             1.5      1.5              -1    359.622   3.213611   355.1291
 05/17/2018 12:53:17    8.44    False      0.03039267      0.01596856    -0.006956248             1.5      1.5              -1   359.4981   3.257832   354.9353
 05/17/2018 12:53:17    8.46    False      0.02087434     -0.01905413     0.005081196             1.5      1.5              -1   359.5951   3.472531   354.2749
 05/17/2018 12:53:17    8.48    False      0.02087434     -0.01905413     0.005081196             1.5      1.5              -1   359.5616   3.565098   354.1805
 05/17/2018 12:53:17     8.5    False      0.01025585     -0.02013251     -0.00560551             1.5      1.5              -1   359.5009    3.58721   354.3563
 05/17/2018 12:53:17    8.52    False    -0.006216584      0.03499809     -0.02707669             1.5      1.5              -1   359.3195   3.676381   354.4682
 05/17/2018 12:53:17    8.54    False     -0.02245434       0.0747372     -0.03588166             1.5      1.5              -1   359.0853    3.80898   354.5876
 05/17/2018 12:53:17 8.559999    False     -0.03501342      0.01672077      -0.0168617             1.5      1.5              -1   359.1496   3.853615   354.6078
 05/17/2018 12:53:17    8.58    False     -0.04001711      -0.1319021    -0.009573888             1.5      1.5              -1   358.8957   3.913173   355.1736
 05/17/2018 12:53:17 8.599999    False     -0.04001711      -0.1319021    -0.009573888             1.5      1.5              -1   358.7649   3.841614    355.768
 05/17/2018 12:53:17    8.62    False     -0.04060748      -0.1546023    -0.007268207        1.499979      1.5       -1.000314    358.211   3.681416   356.2788
 05/17/2018 12:53:17 8.639999    False      -0.0382791      -0.1584537    -0.009554115        1.499919      1.5       -1.001243   357.6571   3.525282   356.6541
 05/17/2018 12:53:17    8.66    False     -0.04404068      -0.1372573    -0.004070317        1.499807      1.5       -1.003067   357.1854    3.36788   356.8618
 05/17/2018 12:53:18 8.679999    False     -0.04733827      -0.1038648     -0.01090034        1.499632      1.5       -1.006035   355.9242   3.117786   357.3672
 05/17/2018 12:53:18     8.7    False     -0.04474977     -0.02160805    -0.008541853        1.499397      1.5       -1.010354   355.3138    3.03123   357.6823
 05/17/2018 12:53:18    8.72    False     -0.04684652      0.02489717    -0.004980548        1.499168      1.5       -1.014674   354.7115   2.897641   357.9718
 05/17/2018 12:53:18    8.74    False     -0.04684652      0.02489717    -0.004980548        1.498952      1.5        -1.01894   354.2877   2.879163   358.0782
 05/17/2018 12:53:18    8.76    False     -0.05874849      0.07614554    0.0005539716        1.498743      1.5       -1.023101   354.0951   2.841763   357.9911
 05/17/2018 12:53:18    8.78    False     -0.07677589       0.1194429      0.02496226        1.498536      1.5       -1.027262   354.4906   2.906634    357.756
 05/17/2018 12:53:18     8.8    False     -0.07199368       0.1132648      0.02630135        1.498311      1.5       -1.031686   354.7288   2.937021   357.6916
 05/17/2018 12:53:18    8.82    False     -0.07329202       0.1047764      0.01654962        1.498058      1.5       -1.036623   354.8564   2.910394   357.6322
 05/17/2018 12:53:18    8.84    False     -0.07244398      0.06684438     0.005913798        1.497769      1.5       -1.042309   355.1476     2.9234   357.4751
 05/17/2018 12:53:18    8.86    False     -0.07244398      0.06684438     0.005913798         1.49743      1.5        -1.04895   355.2743     2.9634   357.3682
 05/17/2018 12:53:18    8.88    False     -0.05933401      0.01455536     -0.02552312        1.497028      1.5       -1.056719     355.69   3.071177   357.2111
 05/17/2018 12:53:18     8.9    False     -0.06136997      0.02995035     -0.03835875        1.496611      1.5       -1.064488   355.9713   3.162448   357.1309
 05/17/2018 12:53:18    8.92    False     -0.06542198      0.01543798     -0.04269988        1.496187      1.5       -1.072159    356.017    3.19113    357.113
 05/17/2018 12:53:18    8.94    False       -0.066691     -0.01211123     -0.04525503         1.49577      1.5       -1.079641   355.9943   3.177326   357.1234
 05/17/2018 12:53:18    8.96    False     -0.06356151     -0.02736492     -0.04146333         1.49537      1.5       -1.086847   356.0219   3.182168   357.0604
 05/17/2018 12:53:18    8.98    False     -0.06185346     -0.02661427     -0.03407919        1.494989      1.5       -1.093702   356.0444    3.02971   356.7507
 05/17/2018 12:53:18       9    False     -0.06483164     0.003086156     -0.02513422        1.494648      1.5       -1.100142   356.0403   2.872816   356.4613
 05/17/2018 12:53:18    9.02    False     -0.07265761      0.05387232     -0.01810203        1.494348      1.5       -1.106118   356.3198   2.666484   356.1021
 05/17/2018 12:53:18    9.04    False     -0.07946289      0.06495885    -0.004726385         1.49407      1.5       -1.112095   356.5316   2.545776   355.8123
 05/17/2018 12:53:18 9.059999    False      -0.0803946      0.02369859     0.008955597        1.493793      1.5       -1.118312   356.4058   2.448932   355.8782
 05/17/2018 12:53:18    9.08    False       -0.091512      0.05673927      0.01443637        1.493527      1.5        -1.12453   355.9517   2.198684   356.2368
 05/17/2018 12:53:18 9.099999    False       -0.091512      0.05673927      0.01443637        1.493288      1.5       -1.130749   355.6574   1.918731   356.5304
 05/17/2018 12:53:18    9.12    False     -0.09274301       0.1305835    -0.004037002        1.493072      1.5       -1.137206   355.7238   1.650782   356.8921
 05/17/2018 12:53:18 9.139999    False     -0.08169818       0.1506675     0.002520424        1.492872      1.5       -1.144128   356.9312   1.325663   357.1222
 05/17/2018 12:53:18    9.16    False     -0.06109069      -0.1579638      0.05557844        1.492697      1.5       -1.151728   357.8962   1.049818   357.1129
 05/17/2018 12:53:18 9.179999    False     -0.06492967      -0.5220538      0.07654648        1.492542      1.5       -1.160192   356.7671  0.6506581   357.5901
 05/17/2018 12:53:18     9.2    False     -0.08113639      0.03453927     0.009517056        1.492434      1.5       -1.169676   355.5371  0.6560743   358.0453
 05/17/2018 12:53:18    9.22    False     -0.08113639      0.03453927     0.009517056        1.492325      1.5        -1.17916    355.423  0.6914664   358.2488
 05/17/2018 12:53:18    9.24    False      -0.0783591       0.3393642      -0.0449082        1.492212      1.5       -1.188527   356.2428  0.9328086   357.8669
 05/17/2018 12:53:18    9.26    False      -0.0491573        0.334305     -0.09134627         1.49206      1.5       -1.197893   356.7534   1.088406      357.8
 05/17/2018 12:53:18    9.28    False      0.00269113        0.247918     -0.08920424        1.491878      1.5       -1.207456    357.878   1.440015   358.2504
 05/17/2018 12:53:18     9.3    False      0.03923269       0.1083582     -0.05873924        1.491628      1.5       -1.217406   357.9919   1.583932   358.6201
 05/17/2018 12:53:18    9.32    False      0.06064301     -0.05125295     -0.02910548        1.491337      1.5       -1.227921     357.67   1.661914   358.9718
 05/17/2018 12:53:18    9.34    False      0.07989386      -0.1746514    -0.009153745        1.491011      1.5       -1.239155   357.0563   1.712878   359.2591
 05/17/2018 12:53:18    9.36    False      0.07989386      -0.1746514    -0.009153745         1.49065      1.5       -1.251241   356.5146    1.67445   359.4519
 05/17/2018 12:53:18    9.38    False      0.08785895      -0.1696517    -0.009439149        1.490269      1.5       -1.264281    356.483   1.651576   359.5541
 05/17/2018 12:53:18     9.4    False       0.1002326      0.01791886     -0.05077211        1.489863      1.5       -1.278348     357.33   1.405494   359.5117
 05/17/2018 12:53:18    9.42    False       0.1012865      0.08759423     -0.09322704        1.489518      1.5       -1.292416   358.1811    1.11177   359.6703
 05/17/2018 12:53:18    9.44    False      0.09261249       0.1027297      -0.1133592        1.489245      1.5       -1.306485   358.6283  0.8931524   359.6801
 05/17/2018 12:53:18    9.46    False      0.08485098     -0.01300484     -0.08927311        1.489023      1.5       -1.320695   358.6852  0.6625174   359.5368
 05/17/2018 12:53:18    9.48    False      0.07727171      -0.1523279     -0.06089534        1.488859      1.5       -1.334906   358.0909  0.5902736   359.3676
 05/17/2018 12:53:18     9.5    False      0.06970111      -0.1629996     -0.04346995        1.488713      1.5       -1.349117   356.9035 0.02872957   359.0475
 05/17/2018 12:53:18    9.52    False       0.0700679     -0.05991607     -0.03666383        1.488705      1.5       -1.363467   356.7018   359.7946   358.9282
 05/17/2018 12:53:18    9.54    False      0.06473853      0.03009797     -0.03008767        1.488758      1.5       -1.378086    356.679   359.6119   358.8929
 05/17/2018 12:53:18 9.559999    False      0.04297534      0.06872593     -0.01686487        1.488857      1.5       -1.392706   356.9295   359.6165   358.9949
 05/17/2018 12:53:18    9.58    False      0.02302743      0.08310537    -0.007846368        1.488955      1.5       -1.407326   357.1536   359.6532    359.084
 05/17/2018 12:53:18 9.599999    False      0.01546008      0.08169013    -0.006685373        1.489044      1.5       -1.422078   357.9022    359.446   359.1672
 05/17/2018 12:53:18    9.62    False      0.01480407      0.02804984    -0.008406709        1.489189      1.5        -1.43709    357.884   359.5007   359.1052
 05/17/2018 12:53:18 9.639999    False      0.01388882     -0.04289927      -0.0105356         1.48932      1.5       -1.452103    357.781   359.5379   359.0165
 05/17/2018 12:53:18    9.66    False      0.01294749     -0.06724747     -0.01509992         1.48944      1.5       -1.466928   357.6893   359.5446   358.8663
 05/17/2018 12:53:19 9.679999    False     0.008539197     -0.04444852     -0.01466728        1.489558      1.5       -1.481755   357.6003   359.5868    358.657
 05/17/2018 12:53:19     9.7    False    -0.003403735    -0.006901768     0.001749049        1.489664      1.5       -1.496581   357.3731   359.7545   358.4092
 05/17/2018 12:53:19 9.719999    False    -0.009969093     0.008854793     0.008275801        1.489727      1.5       -1.511223   357.2867   359.8627   358.3503
 05/17/2018 12:53:19    9.74    False    -0.009969093     0.008854793     0.008275801        1.489761      1.5       -1.525504   357.3058    359.978   358.3077
 05/17/2018 12:53:19    9.76    False     -0.01044098      0.02839546      0.01155176        1.489767      1.5       -1.539259   357.3654 0.09722037   358.2578
 05/17/2018 12:53:19    9.78    False     -0.01003662      0.03013133       0.0129873        1.489744      1.5       -1.552343   357.4872  0.2686541   358.2053
 05/17/2018 12:53:19     9.8    False    -0.007070609      0.01631953     0.001674873        1.489687      1.5       -1.564634   357.7723  0.5534032   358.1682
 05/17/2018 12:53:19    9.82    False    -0.005715906     -0.01275637    0.0004426412        1.489577      1.5       -1.576037   357.8579  0.6046606   358.1719
 05/17/2018 12:53:19    9.84    False    -0.006288391     -0.01264055      0.00223491        1.489466      1.5       -1.586485   357.8882  0.7167867   358.1068
 05/17/2018 12:53:19    9.86    False    -0.006288391     -0.01264055      0.00223491        1.489348      1.5       -1.595938   357.8907  0.7831908   358.0695
 05/17/2018 12:53:19    9.88    False    -0.005028582     -0.02735481   -4.866337E-05        1.489233      1.5       -1.604385   357.9076  0.8544965   358.0347
 05/17/2018 12:53:19     9.9    False    9.954671E-05     -0.01091927     -0.01602256        1.489121      1.5       -1.611839   357.9654  0.9575979   358.0171
 05/17/2018 12:53:19    9.92    False   -0.0009260945      0.01504957     -0.02271782        1.489013      1.5       -1.618336   358.0045  0.9755398   358.0179
 05/17/2018 12:53:19    9.94    False     0.002266373      0.01263287     -0.02346134        1.488917      1.5       -1.623927   358.0324  0.9865227   358.0058
 05/17/2018 12:53:19    9.96    False     0.004579039     -0.01839032      -0.0216748        1.488836      1.5        -1.62868   358.0365  0.9808755   357.9731
 05/17/2018 12:53:19    9.98    False     0.004721127     -0.02825581     -0.02043911        1.488767      1.5        -1.63267   358.0049  0.9588519   357.9104
 05/17/2018 12:53:19      10    False     0.002041181     -0.02051022     -0.01968996        1.488712      1.5       -1.635978   357.8903  0.8834268   357.7647
 05/17/2018 12:53:19   10.02    False    -0.005217768    -0.008198566     -0.01604356         1.48867      1.5       -1.638686   357.8434  0.8845953    357.691
 05/17/2018 12:53:19   10.04    False      -0.0141001     0.003960608     -0.01030106        1.488636      1.5       -1.640876   357.8415  0.8827457   357.6807
 05/17/2018 12:53:19   10.06    False     -0.01644331      0.01295962    -0.008268189        1.488609      1.5       -1.642625   357.8268  0.8819186   357.6648
 05/17/2018 12:53:19   10.08    False     -0.01296476       0.0135115      -0.0107191        1.488588      1.5       -1.644004   357.8253  0.8908113    357.651
 05/17/2018 12:53:19    10.1    False     -0.01111274      0.01653328     -0.01459825        1.488572      1.5       -1.645077   357.8495  0.8993827   357.6264
 05/17/2018 12:53:19   10.12    False     -0.01245321      0.01860815     -0.01749411        1.488559      1.5       -1.645903   357.9863  0.9310061   357.5644
 05/17/2018 12:53:19   10.14    False     -0.01460384     0.009919267     -0.02021402        1.488548      1.5       -1.646531   358.0674  0.9471467   357.5319
 05/17/2018 12:53:19   10.16    False      -0.0199354    -0.005073608     -0.02096145        1.488541      1.5       -1.647001   358.0993  0.9771576    357.511
 05/17/2018 12:53:19   10.18    False     -0.02209202     -0.01575783     -0.02014392        1.488535      1.5        -1.64735   358.1373   1.028268   357.4869
 05/17/2018 12:53:19    10.2    False       -0.020758     -0.01826759      -0.0196494         1.48853      1.5       -1.647605   358.1393   1.072315   357.4535
 05/17/2018 12:53:19   10.22    False     -0.01654414      -0.0177832     -0.01895586        1.488527      1.5       -1.647789   358.1255   1.162385   357.4103
 05/17/2018 12:53:19   10.24    False     -0.00834007     -0.01325068      -0.0171851        1.488524      1.5       -1.647921   358.1096   1.199534   357.3787
 05/17/2018 12:53:19   10.26    False    -0.003349476    -0.003825628     -0.01797118        1.488522      1.5       -1.648014   358.0989   1.211281   357.3571
 05/17/2018 12:53:19   10.28    False    -0.001064097     0.001879312     -0.01908714        1.488521      1.5       -1.648078   358.0944   1.218157   357.3357
 05/17/2018 12:53:19    10.3    False      0.00229149     0.006181356     -0.01722805         1.48852      1.5       -1.648122   358.0946   1.203826   357.3221
 05/17/2018 12:53:19   10.32    False    -0.009330587      0.00506962     -0.01885943        1.488519      1.5       -1.648152   358.1432   1.124778   357.3109
 05/17/2018 12:53:19   10.34    False     -0.01064127     0.001466787     -0.01596288        1.488519      1.5       -1.648173   358.1648   1.096265   357.2982
 05/17/2018 12:53:19   10.36    False     -0.01064127     0.001466787     -0.01596288        1.488519      1.5       -1.648186   358.1871   1.051473   357.3097
 05/17/2018 12:53:19   10.38    False     -0.01096757     -0.01389942     -0.01609166        1.488518      1.5       -1.648195   358.1924   1.005252   357.3037
 05/17/2018 12:53:19    10.4    False     -0.01145538      -0.0184404     -0.01621548        1.488518      1.5         -1.6482   358.1761  0.9750687   357.2892
 05/17/2018 12:53:19   10.42    False     -0.01089172     -0.01186675     -0.01390674        1.488518      1.5       -1.648204   358.1298  0.9332862    357.252
 05/17/2018 12:53:19   10.44    False    -0.009269695    -0.008350953     -0.01364823        1.488518      1.5       -1.648206   358.0797  0.9150656    357.252
 05/17/2018 12:53:19   10.46    False    -0.004413454    -0.009610311     -0.01600025        1.488518      1.5       -1.648208   358.0345  0.8967738    357.262
 05/17/2018 12:53:19   10.48    False    -0.001763803     0.002733828     -0.01671439        1.488518      1.5       -1.648208    358.013  0.8779534   357.2696
 05/17/2018 12:53:19    10.5    False    -0.001763803     0.002733828     -0.01671439        1.488518      1.5       -1.648209   358.0004  0.8547115   357.2879
 05/17/2018 12:53:19   10.52    False     0.002751478      0.01361312     -0.01692871        1.488518      1.5       -1.648209   358.0058  0.7846203   357.3192
 05/17/2018 12:53:19   10.54    False     0.001566056     0.006818426     -0.01689729        1.488518      1.5       -1.648209   358.0107  0.7467834   357.3293
 05/17/2018 12:53:19   10.56    False    0.0007864818      0.00344043      -0.0151655        1.488518      1.5        -1.64821   358.0174  0.7058393   357.3511
 05/17/2018 12:53:19   10.58    False    0.0008709657     0.001284253     -0.01328883        1.488518      1.5        -1.64821    358.019  0.6702233   357.3592
 05/17/2018 12:53:19    10.6    False    -0.001659939    -0.004536606     -0.01218296        1.488518      1.5        -1.64821   358.0134  0.6439011   357.3664
 05/17/2018 12:53:19   10.62    False    -0.006829868    -0.002291351     -0.01214227        1.488518      1.5        -1.64821   358.0167  0.6205394   357.3752
 05/17/2018 12:53:19   10.64    False     -0.01006708    -0.005732169     -0.01195671        1.488518      1.5        -1.64821   358.0085  0.6343683   357.3805
 05/17/2018 12:53:19   10.66    False    -0.008760897    -0.009626454     -0.01006536        1.488518      1.5        -1.64821   357.9862  0.6533449   357.3801
 05/17/2018 12:53:20   10.68    False     -0.00427239     -0.01168305    -0.009645411        1.488518      1.5        -1.64821   357.9609  0.6885269   357.3633
 05/17/2018 12:53:20    10.7    False    -0.001169279    -0.008825911     -0.01038344        1.488518      1.5        -1.64821   357.9175  0.7265465    357.317
 05/17/2018 12:53:20   10.72    False      0.00125593     0.007576375      -0.0141779        1.488518      1.5        -1.64821    357.893  0.7905846   357.2412
 05/17/2018 12:53:20   10.74    False      0.00125593     0.007576375      -0.0141779        1.488518      1.5        -1.64821   357.9038  0.8406992   357.2224
 05/17/2018 12:53:20   10.76    False     0.002237117      0.01879273     -0.01464268        1.488518      1.5        -1.64821   357.9379  0.8891539   357.2257
 05/17/2018 12:53:20   10.78    False     0.004520253      0.01407768     -0.01406546        1.488518      1.5        -1.64821   357.9706  0.9399515   357.2372
 05/17/2018 12:53:20    10.8    False     0.009149272    -0.001869101     -0.01251841        1.488518      1.5        -1.64821   357.9739  0.9686345   357.2581
 05/17/2018 12:53:20   10.82    False      0.01236413     -0.01432206     -0.01242835        1.488518      1.5        -1.64821    357.943   1.039831   357.3117
 05/17/2018 12:53:20   10.84    False      0.01080015    -0.006567624     -0.01253259        1.488518      1.5        -1.64821   357.9215   1.052125   357.3368
 05/17/2018 12:53:20   10.86    False      0.01080015    -0.006567624     -0.01253259        1.488518      1.5        -1.64821   357.8961   1.057449   357.3552
 05/17/2018 12:53:20   10.88    False     0.006099273     0.001833119     -0.01012624        1.488518      1.5        -1.64821   357.8691    1.06161   357.3835
 05/17/2018 12:53:20    10.9    False     0.001292583     0.003053287    -0.008865786        1.488518      1.5        -1.64821   357.8537   1.062271   357.4008
 05/17/2018 12:53:20   10.92    False    -0.003142414     0.004842255    -0.005155998        1.488518      1.5        -1.64821   357.8463   1.064809   357.4146
 05/17/2018 12:53:20   10.94    False    -0.002708786     0.004854703    -0.004452836        1.488518      1.5        -1.64821    357.848    1.07616   357.4599
 05/17/2018 12:53:20   10.96    False    -0.002687653   -0.0004754441    -0.003231602        1.488518      1.5        -1.64821   357.8548   1.081462   357.4796
 05/17/2018 12:53:20   10.98    False    -0.002687653   -0.0004754441    -0.003231602        1.488518      1.5        -1.64821   357.8535   1.087132   357.5009
 05/17/2018 12:53:20      11    False    -0.002415117   -4.201101E-05    -0.005013536        1.488518      1.5        -1.64821   357.8507   1.099311   357.5292