 05/17/2018 12:42:33    7.64    False     0.002847763    0.0008835927    -0.008388861             1.5      1.5              -1   3.861631   3.130163   358.1446
 05/17/2018 12:42:33    7.66    False     0.002107242    -0.003331318     -0.00809518             1.5      1.5              -1   3.868587   3.130132   358.1586
 05/17/2018 12:42:33    7.68    False     0.001779222    -0.005565973    -0.008527737             1.5      1.5              -1   3.861517   3.124684   358.1697
 05/17/2018 12:42:33     7.7    False     0.001214668     -0.00496469    -0.007605865             1.5      1.5              -1   3.856709   3.120053   358.1759
 05/17/2018 12:42:33    7.72    False   -0.0004420851   -0.0006283175    -0.007134506             1.5      1.5              -1   3.849195   3.111979   358.1778
 05/17/2018 12:42:33    7.74    False   -0.0004420851   -0.0006283175    -0.007134506             1.5      1.5              -1   3.850852   3.105479   358.1768
 05/17/2018 12:42:33    7.76    False    -0.001863718    -0.001480402    -0.007517023             1.5      1.5              -1   3.853714   3.103021   358.1824
 05/17/2018 12:42:33    7.78    False   -6.304045E-05    -0.007409887    -0.005515836             1.5      1.5              -1   3.847711   3.105344   358.1782
 05/17/2018 12:42:33     7.8    False    0.0009441317    -0.003495277     -0.00518447             1.5      1.5              -1    3.84305   3.106663    358.179
 05/17/2018 12:42:33    7.82    False   -8.203794E-05     0.001537486    -0.005309628             1.5      1.5              -1   3.840939   3.106742   358.1792
 05/17/2018 12:42:33    7.84    False    0.0001846031    0.0004172899    -0.001913653             1.5      1.5              -1   3.838924    3.11127   358.1807
 05/17/2018 12:42:33    7.86    False     0.002914957     0.002616936    -0.002245225             1.5      1.5              -1   3.820372    3.11036   358.1825
 05/17/2018 12:42:33    7.88    False     0.001047761      0.00853903    -0.003778031             1.5      1.5              -1   3.818416   3.108818   358.1847
 05/17/2018 12:42:33     7.9    False     0.001009734      0.01375686    -0.003706031             1.5      1.5              -1   3.837161   3.106632   358.1825
 05/17/2018 12:42:33    7.92    False    0.0006587313      0.01456897    -0.004053516             1.5      1.5              -1   3.863803   3.100348    358.179
 05/17/2018 12:42:33    7.94    False     0.003296872     0.007074285     -0.00455397             1.5      1.5              -1   3.898528   3.085191   358.1772
 05/17/2018 12:42:33    7.96    False    0.0003801242     -0.00421598    -0.004418359             1.5      1.5              -1   3.960301   3.070202   358.1671
 05/17/2018 12:42:33    7.98    False    0.0003801242     -0.00421598    -0.004418359             1.5      1.5              -1    3.99516   3.062767   358.1622
 05/17/2018 12:42:33       8    False     0.002393844     -0.00317825    -0.005056954             1.5      1.5              -1   4.017673    3.05571   358.1583
 05/17/2018 12:42:33    8.02    False      0.00209209     -0.00327151    -0.006864801             1.5      1.5              -1   4.043388   3.048064   358.1599
 05/17/2018 12:42:33    8.04    False     0.001977662     -0.00318778    -0.006316908             1.5      1.5              -1   4.076959    3.03805   358.1609
 05/17/2018 12:42:33 8.059999    False     0.003589945   -0.0008186313    -0.008959146             1.5      1.5              -1   4.107964   2.999909   358.1798
 05/17/2018 12:42:33    8.08    False     0.003456444    -0.006078663    -0.007347855             1.5      1.5              -1   4.112047    2.98091   358.1947
 05/17/2018 12:42:33 8.099999    False        0.002945    -0.002580274    -0.006133134             1.5      1.5              -1     4.1226   2.956659   358.2135
 05/17/2018 12:42:33    8.12    False        0.002945    -0.002580274    -0.006133134             1.5      1.5              -1    4.12969   2.935133   358.2318
 05/17/2018 12:42:33 8.139999    False   -0.0001881838    0.0007844973    -0.006262874             1.5      1.5              -1   4.132277   2.910533   358.2493
 05/17/2018 12:42:33    8.16    False   -0.0009718431   -0.0003265578    -0.006988281             1.5      1.5              -1   4.153319   2.836714   358.2926
 05/17/2018 12:42:33 8.179999    False    -0.002340214     -0.00227122    -0.008876911             1.5      1.5              -1   4.156465   2.803124    358.307
 05/17/2018 12:42:33     8.2    False    -0.003354146    -0.004524547    -0.006764806             1.5      1.5              -1   4.164151   2.764981    358.308
 05/17/2018 12:42:33    8.22    False    -0.005077755    -0.004579298    -0.007395694             1.5      1.5              -1   4.171845   2.727186   358.3033
 05/17/2018 12:42:33    8.24    False    -0.005077755    -0.004579298    -0.007395694             1.5      1.5              -1   4.184365   2.694667    358.285
 05/17/2018 12:42:33    8.26    False    -0.006624424     -0.00265603    -0.005988982             1.5      1.5              -1   4.193239   2.632903   358.2444
 05/17/2018 12:42:33    8.28    False    -0.003458172     0.001672758    -0.005927728             1.5      1.5              -1   4.195313   2.605753   358.2256
 05/17/2018 12:42:33     8.3    False    -0.002941168     0.006125925    -0.006041806             1.5      1.5              -1   4.201715   2.568755   358.2038
 05/17/2018 12:42:34    8.32    False     -0.00323788     0.008185437    -0.006400054             1.5      1.5              -1   4.221605   2.541707   358.1851
 05/17/2018 12:42:34    8.34    False    -0.001895122     0.004661083    -0.007104517             1.5      1.5              -1   4.248907   2.518533   358.1609
 05/17/2018 12:42:34    8.36    False    0.0006655888    -0.002529413    -0.005174636             1.5      1.5              -1   4.295276   2.486873   358.1076
 05/17/2018 12:42:34    8.38    False    0.0002396734    -0.004713597    -0.004991798             1.5      1.5              -1   4.305919   2.483265    358.098
 05/17/2018 12:42:34     8.4    False    -0.001002638    -0.003333846     -0.00460984             1.5      1.5              -1   4.309827    2.48164    358.098
 05/17/2018 12:42:34    8.42    False    -0.002815667     0.001617521    -0.004376743             1.5      1.5              -1   4.296759   2.491797   358.1355
 05/17/2018 12:42:34    8.44    False    -0.002396278     -0.00169814    -0.004503365             1.5      1.5              -1   4.287236   2.505856   358.1563
 05/17/2018 12:42:34    8.46    False     0.002551818    -0.001524358    -0.005549435             1.5      1.5              -1   4.246824   2.532037    358.213
 05/17/2018 12:42:34    8.48    False     0.002551818    -0.001524358    -0.005549435             1.5      1.5              -1    4.23316   2.538629   358.2279
 05/17/2018 12:42:34     8.5    False    -0.000685132   -0.0009721854    -0.001536927             1.5      1.5              -1   4.220352   2.545694   358.2415
 05/17/2018 12:42:34    8.52    False    -0.007191001    -0.002564908   -0.0003068408             1.5      1.5              -1   4.200456   2.566267   358.2519
 05/17/2018 12:42:34    8.54    False    -0.007572965     0.001069141   -3.207959E-05             1.5      1.5              -1   4.190733   2.601141   358.2528
 05/17/2018 12:42:34 8.559999    False    -0.007006053     0.006533685    -0.001283755             1.5      1.5              -1   4.192009    2.63538   358.2485
 05/17/2018 12:42:34    8.58    False     0.001352517     0.005148294    -0.008219669             1.5      1.5              -1   4.231637   2.746047   358.2621
 05/17/2018 12:42:34 8.599999    False     0.001528092     0.004970914    -0.007872373             1.5      1.5              -1   4.230197   2.781957   358.2849
 05/17/2018 12:42:34    8.62    False     0.001528092     0.004970914    -0.007872373             1.5      1.5              -1   4.234123    2.81058   358.2872
 05/17/2018 12:42:34 8.639999    False     0.007470032    -0.002588345     -0.01191342             1.5      1.5              -1   4.229052   2.833146   358.2827
 05/17/2018 12:42:34    8.66    False     0.007924847    -0.004481661    -0.009929678             1.5      1.5              -1   4.227297   2.845059   358.2698
 05/17/2018 12:42:34 8.679999    False     0.007391168     0.004551582     -0.00855558             1.5      1.5              -1   4.229652   2.836771   358.2551
 05/17/2018 12:42:34     8.7    False     0.005943483     0.009770089    -0.006626818             1.5      1.5              -1   4.248496   2.824084   358.2547
 05/17/2018 12:42:34    8.72    False     0.005452627      0.01120585    -0.004492048             1.5      1.5              -1   4.270665   2.812201   358.2614
 05/17/2018 12:42:34    8.74    False     0.005452627      0.01120585    -0.004492048             1.5      1.5              -1    4.29795   2.792654   358.2791
 05/17/2018 12:42:34    8.76    False     0.005872388       0.0074801    -0.002637862             1.5      1.5              -1   4.319341   2.779796   358.2979
 05/17/2018 12:42:34    8.78    False     0.004989792     -0.01364317     0.002804296             1.5      1.5              -1   4.314676   2.747661   358.3109
 05/17/2018 12:42:34     8.8    False     0.002449229     -0.01646744     0.002992118             1.5      1.5              -1   4.289606   2.738708   358.3139
 05/17/2018 12:42:34    8.82    False    -0.001572023    -0.004604485     0.001757145             1.5      1.5              -1   4.273253   2.737877    358.319
 05/17/2018 12:42:34    8.84    False    -0.003372688     0.007482142     0.001497548             1.5      1.5              -1   4.266018   2.743408   358.3267
 05/17/2018 12:42:34    8.86    False    -0.004338021     0.008545741    0.0008587156             1.5      1.5              -1   4.269411   2.756305   358.3348
 05/17/2018 12:42:34    8.88    False    -0.002699258     0.005741894     0.000396017             1.5      1.5              -1   4.312417   2.805084   358.3518
 05/17/2018 12:42:34     8.9    False     0.001312542     0.001383252    0.0002510571             1.5      1.5              -1   4.327751   2.829725   358.3567
 05/17/2018 12:42:34    8.92    False     0.004742131     -0.00144267    -0.000233589             1.5      1.5              -1   4.345185   2.855661   358.3566
 05/17/2018 12:42:34    8.94    False     0.006193141    -0.001767672    -0.002148986             1.5      1.5              -1   4.358125   2.876857    358.347
 05/17/2018 12:42:34    8.96    False     0.006395225      0.00330438     -0.00399138             1.5      1.5              -1   4.376321   2.894517   358.3363
 05/17/2018 12:42:34    8.98    False     0.005232945     0.004668668    -0.001376225             1.5      1.5              -1   4.449306   2.942117   358.3325
 05/17/2018 12:42:34       9    False     0.005232945     0.004668668    -0.001376225             1.5      1.5              -1   4.464403   2.960602   358.3406
 05/17/2018 12:42:34    9.02    False     0.004206986    -0.003078085   -0.0008154707             1.5      1.5              -1   4.495955   2.993212   358.3456
 05/17/2018 12:42:34    9.04    False     0.005151994     -0.00055509    -0.001855255             1.5      1.5              -1   4.515025   3.009751   358.3476
 05/17/2018 12:42:34 9.059999    False     0.005555756     0.004253129    -0.003226071             1.5      1.5              -1   4.547932   3.031863   358.3419
 05/17/2018 12:42:34    9.08    False      0.00329169    0.0007773982    -0.004500794             1.5      1.5              -1   4.611979   3.086441   358.3235
 05/17/2018 12:42:34 9.099999    False     0.004714963     -0.00424107    -0.006307189             1.5      1.5              -1   4.639829    3.11881   358.3188
 05/17/2018 12:42:34    9.12    False     0.004714963     -0.00424107    -0.006307189             1.5      1.5              -1    4.64761   3.154689   358.3213
 05/17/2018 12:42:34 9.139999    False     0.004715363     0.003660599    -0.008146046             1.5      1.5              -1   4.673702   3.194632   358.3171
 05/17/2018 12:42:34    9.16    False     0.004939628      0.01685653    -0.009773158             1.5      1.5              -1   4.715725   3.237111   358.3142
 05/17/2018 12:42:34 9.179999    False     0.005877983     0.002844593     -0.01117101             1.5      1.5              -1   4.790897   3.295186   358.3103
 05/17/2018 12:42:34     9.2    False     0.004911031    -0.006840696    -0.008494442             1.5      1.5              -1    4.84741   3.350581   358.2899
 05/17/2018 12:42:34    9.22    False     0.003583893   -0.0008429432     -0.01185941             1.5      1.5              -1   4.910674   3.403706   358.2623
 05/17/2018 12:42:34    9.24    False     0.003583893   -0.0008429432     -0.01185941             1.5      1.5              -1   4.945745   3.461188   358.2274
 05/17/2018 12:42:34    9.26    False     0.003141464    -0.005797617     -0.01207172             1.5      1.5              -1   4.966114   3.517603   358.1968
 05/17/2018 12:42:34    9.28    False     0.004756141     -0.02292469     -0.01102134             1.5      1.5              -1   4.958737   3.568797   358.1721
 05/17/2018 12:42:34     9.3    False      0.02276539     -0.01769762     -0.01410319             1.5      1.5              -1   4.890761   3.594713   358.1119
 05/17/2018 12:42:35    9.32    False      0.02969186    -0.005030721     -0.01246336             1.5      1.5              -1   4.827964   3.585539   358.0233
 05/17/2018 12:42:35    9.34    False       0.0282422    0.0009582789    -0.007426237             1.5      1.5              -1   4.758882   3.554059   357.8924
 05/17/2018 12:42:35    9.36    False      0.01895313     0.006815217    -0.004709233             1.5      1.5              -1   4.666427   3.535807   357.8078
 05/17/2018 12:42:35    9.38    False      0.01895313     0.006815217    -0.004709233             1.5      1.5              -1   4.551253   3.527378   357.7534
 05/17/2018 12:42:35     9.4    False     0.001907473      0.08511791    -0.003548636             1.5      1.5              -1   4.432796    3.51342   357.6793
 05/17/2018 12:42:35    9.42    False     -0.00106034      0.09799176    -0.002390361             1.5      1.5              -1   4.446446    3.53435   357.4106
 05/17/2018 12:42:35    9.44    False    -0.007320252      0.07462809     0.002140927        1.499981      1.5       -1.000314   4.639633   3.708377   356.7734
 05/17/2018 12:42:35    9.46    False     -0.01505391      0.04850327      0.01514106         1.49992      1.5       -1.001243   4.856017   3.890227   356.3252
 05/17/2018 12:42:35    9.48    False     -0.02057175     0.003997075      0.02817297        1.499796      1.5       -1.003067   5.056365   4.110226   356.1234
 05/17/2018 12:42:35     9.5    False     -0.02708435     -0.02509993      0.03252047        1.499665      1.5        -1.00489   4.535079   4.414633   356.3566
 05/17/2018 12:42:35    9.52    False     -0.04162998      0.02952557      0.02525188        1.499526      1.5        -1.00669   3.993771   4.731954   356.4192
 05/17/2018 12:42:35    9.54    False      -0.0564607       0.1069377      0.02334279        1.499381      1.5       -1.008445   3.885671   4.998302   356.3459
 05/17/2018 12:42:35 9.559999    False     -0.05396178     0.009410759      0.03144098        1.499228      1.5       -1.010199   3.934416   5.116294   356.2464
 05/17/2018 12:42:35    9.58    False     -0.03960213      -0.1227395      0.02963797        1.499071      1.5       -1.011953   3.610749   5.119078   356.5359
 05/17/2018 12:42:35 9.599999    False     -0.02681514      -0.1653762      0.04969719        1.498914      1.5       -1.013707   3.367045   4.806207   357.5766
 05/17/2018 12:42:35    9.62    False     -0.02681514      -0.1653762      0.04969719        1.498742      1.5       -1.015753   2.827564    4.63911   357.8462
 05/17/2018 12:42:35 9.639999    False     -0.04223586      -0.2020022       0.0390644        1.498529      1.5       -1.018371   2.426245   4.587362   357.8855
 05/17/2018 12:42:35    9.66    False     -0.05072685      -0.1281575      0.02239555        1.498252      1.5       -1.021822   2.240281   4.616598   357.8104
 05/17/2018 12:42:35 9.679999    False     -0.04490103     -0.06149391     -0.01021285        1.497888      1.5       -1.026334   2.070245   4.606802   357.8759
 05/17/2018 12:42:35     9.7    False       -0.036411    -0.006865689     -0.03114209        1.497423      1.5       -1.032101   1.665141   4.556941   358.2372
 05/17/2018 12:42:35 9.719999    False     -0.03137597       0.0180943     -0.03241051        1.496964      1.5       -1.037868   1.565407   4.573576   358.2766
 05/17/2018 12:42:35    9.74    False     -0.02915299      0.05123136     -0.03635149        1.496508      1.5       -1.043563   1.531906   4.655854   358.0736
 05/17/2018 12:42:35    9.76    False     -0.02915299      0.05123136     -0.03635149        1.496044      1.5       -1.049258   1.580959   4.734341   357.8911
 05/17/2018 12:42:35    9.78    False     -0.02861008      0.05110951     -0.03982412        1.495553      1.5       -1.055194   1.532421   4.873595   357.6541
 05/17/2018 12:42:35     9.8    False    -0.007859692      0.08806179     -0.04518571        1.495006      1.5       -1.061605   1.473245   4.990635   357.6369
 05/17/2018 12:42:35    9.82    False     0.002838401       0.0615898     -0.03746434        1.494386      1.5       -1.068707   1.268729   5.058678   357.7473
 05/17/2018 12:42:35    9.84    False      0.01111051      0.04866811     -0.02862696        1.493679      1.5        -1.07669   1.007215   5.123181   357.8666
 05/17/2018 12:42:35    9.86    False   -0.0006609608      0.06474782     -0.01872149         1.49287      1.5       -1.085716  0.9007585   5.161886    357.927
 05/17/2018 12:42:35    9.88    False   -0.0006609608      0.06474782     -0.01872149        1.491949      1.5        -1.09591  0.8840442    5.18833   357.8896
 05/17/2018 12:42:35     9.9    False     -0.02602157      0.02768088   -0.0006547294        1.490909      1.5       -1.107361  0.7914489    5.23209   357.8295
 05/17/2018 12:42:35    9.92    False     -0.02619492       0.0414603    0.0001104992        1.489861      1.5        -1.11881  0.8192808   5.230981   357.8059
 05/17/2018 12:42:35    9.94    False     -0.01736693      0.05970222    -0.004867777        1.488826      1.5       -1.130118  0.8498759   5.202031   357.7817
 05/17/2018 12:42:35    9.96    False      -0.0135667      0.05939073     -0.01245168        1.487796      1.5       -1.141426  0.9136547   5.116508   357.7513
 05/17/2018 12:42:35    9.98    False     -0.02005375      0.07282025     -0.01798636        1.486768      1.5       -1.152908   1.050064   4.958808   357.7365
 05/17/2018 12:42:35      10    False     -0.02005375      0.07282025     -0.01798636        1.485742      1.5       -1.164732   1.085251   4.769867   357.7823
 05/17/2018 12:42:35   10.02    False     -0.04560056     0.007423988       0.0178165        1.484714      1.5       -1.177051  0.6614035   3.974886   358.1184
 05/17/2018 12:42:35   10.04    False     -0.05441944     -0.02123841      0.03285386        1.483857      1.5       -1.189384 0.07196188     3.5131    358.357
 05/17/2018 12:42:35   10.06    False     -0.06176488      0.01276172      0.04364434        1.483109      1.5        -1.20157    359.514   3.068361   358.5908
 05/17/2018 12:42:35   10.08    False     -0.06862217      0.03062622      0.07545309        1.482472      1.5        -1.21346   359.6521   2.665447   358.6523
 05/17/2018 12:42:35    10.1    False     -0.05341286      -0.2400744       0.1669003        1.481938      1.5       -1.224917   1.048939   2.324212   358.6063
 05/17/2018 12:42:35   10.12    False     -0.03464574      -0.5789778       0.2094723        1.481473      1.5       -1.236377    358.729   2.175549   358.3463
 05/17/2018 12:42:35   10.14    False     -0.00736136       -0.430963       0.1793506        1.481031      1.5       -1.248009   357.1206   2.290356   357.9626
 05/17/2018 12:42:35   10.16    False      0.01766213     -0.04691648      0.07182505        1.480553      1.5       -1.259978    355.555     2.3433    357.632
 05/17/2018 12:42:35   10.18    False      0.04500576       0.3562667     -0.04816251        1.480043      1.5       -1.272436   356.4061   2.270766   357.6669
 05/17/2018 12:42:35    10.2    False      0.07850356       0.3783591     -0.09976249        1.479524      1.5        -1.28552   358.8953   2.342594   357.7318
 05/17/2018 12:42:35   10.22    False      0.07564269     -0.06765445     -0.06590597        1.478958      1.5       -1.299342 -0.004838155   2.712154   356.5951
 05/17/2018 12:42:35   10.24    False      0.05919678      -0.3465689     -0.02245744        1.478265      1.5       -1.313988   359.2498   2.834189   356.6904
 05/17/2018 12:42:35   10.26    False      0.07807446      -0.1968175     -0.01975392        1.477496      1.5       -1.329523   358.9734   2.666021   357.0959
 05/17/2018 12:42:35   10.28    False      0.08164475      0.01335853     -0.03978142        1.476729      1.5       -1.345986   358.9497   2.603087    357.253
 05/17/2018 12:42:35    10.3    False    -0.003874387      0.09185912     -0.06682213        1.475981      1.5        -1.36245   358.8802    2.40087   357.8817
 05/17/2018 12:42:36   10.32    False    -0.009228177       0.1468407     -0.05544448         1.47529      1.5       -1.378917   358.9655   2.341992   357.9761
 05/17/2018 12:42:36   10.34    False    -0.005897796       0.1461602     -0.05497038        1.474612      1.5       -1.395493    359.008   2.284052   357.9079
 05/17/2018 12:42:36   10.36    False    -0.002355026       0.1163252     -0.05276569        1.473942      1.5       -1.412286   358.9385   2.246197   357.8833
 05/17/2018 12:42:36   10.38    False    -0.002355026       0.1163252     -0.05276569        1.473271      1.5       -1.429391   358.8229   2.175986   357.9267
 05/17/2018 12:42:36    10.4    False    -0.005398151      0.08510458     -0.04579071        1.472606      1.5       -1.446895   358.8036   2.141531   357.9426
 05/17/2018 12:42:36   10.42    False     0.007405194      0.04787495     -0.01606555        1.471934      1.5       -1.464872   358.7503   2.014302   357.8814
 05/17/2018 12:42:36   10.44    False      0.02419195     0.009763379    -0.009944223        1.471283      1.5       -1.483377   358.7006   1.889159   357.8745
 05/17/2018 12:42:36   10.46    False      0.03746231      0.02866542     -0.01821062        1.470673      1.5       -1.501884   358.6753   1.699822   357.9608
 05/17/2018 12:42:36   10.48    False      0.04091194      0.07984689     -0.03456979         1.47013      1.5       -1.520164   358.7694   1.532797   358.0676
 05/17/2018 12:42:36    10.5    False      0.04091194      0.07984689     -0.03456979        1.469641      1.5       -1.538444   358.9568   1.400331    358.242
 05/17/2018 12:42:36   10.52    False       0.0208174       0.0800549     -0.04150018        1.469192      1.5       -1.556813   359.6179   1.215817   358.6796
 05/17/2018 12:42:36   10.54    False      0.01865041      0.06243683     -0.04982944        1.468799      1.5       -1.575354   359.9281   1.198203   358.7941
 05/17/2018 12:42:36   10.56    False      0.01902305      0.02498692     -0.04947158        1.468406      1.5       -1.594144    359.945   1.239136    358.746
 05/17/2018 12:42:36   10.58    False      0.01597247     -0.03131269     -0.05029575        1.467999      1.5       -1.612933   359.7538   1.321505   358.6035
 05/17/2018 12:42:36    10.6    False      0.01021994    -0.007963226     -0.04940457        1.467571      1.5       -1.631488   359.7007   1.372718   358.5741
 05/17/2018 12:42:36   10.62    False      0.00755084      0.06642359     -0.05045303        1.467138      1.5       -1.649585   359.7171   1.995392    358.392
 05/17/2018 12:42:36   10.64    False     0.008060376       0.1039045     -0.05865786        1.466507      1.5       -1.667676   359.6081   2.521543   358.1624
 05/17/2018 12:42:36   10.66    False      0.02001308       0.1396882      -0.0697661        1.465707      1.5        -1.68585   359.4747   2.953448   357.9295
 05/17/2018 12:42:36   10.68    False      0.04066893       0.1993982     -0.09232602        1.464761      1.5       -1.704193   359.1369    3.25875   357.7088
 05/17/2018 12:42:36    10.7    False      0.04838472       0.2857693      -0.1366253        1.463702      1.5       -1.722785   358.9951    3.57396   357.4261
 05/17/2018 12:42:36   10.72    False      0.05770247       0.2032308      -0.0175478        1.462521      1.5       -1.741696    1.74461   3.919052   356.8384
 05/17/2018 12:42:36   10.74    False      0.05342132      -0.5954694       0.0178064          1.4612      1.5       -1.760983    1.40872   4.561852   355.8059
 05/17/2018 12:42:36   10.76    False      0.03492172      -0.5659435      0.04637744        1.459628      1.5       -1.780685   1.824024   4.620193   356.5282
 05/17/2018 12:42:36   10.78    False      0.04800255      -0.2728229     -0.02364795        1.457998      1.5       -1.800847   1.159065   4.431179   357.4627
 05/17/2018 12:42:36    10.8    False      0.02962371     -0.01854806      -0.1280625        1.456398      1.5       -1.821495    1.12393   4.261563   358.1809
 05/17/2018 12:42:36   10.82    False     0.003982403       0.1171028      -0.1271301        1.454859      1.5       -1.842148   1.412407   4.045891   358.4512
 05/17/2018 12:42:36   10.84    False     -0.03802479     -0.01356576     -0.07337257        1.453398      1.5       -1.862807   1.311045   3.788595    358.334
 05/17/2018 12:42:36   10.86    False      -0.0431901     -0.02055963     -0.03844194        1.452029      1.5       -1.883472   1.167052   3.724587   358.1635
 05/17/2018 12:42:36   10.88    False      -0.0431901     -0.02055963     -0.03844194        1.450701      1.5       -1.903882   1.041676   3.691242   357.9239
 05/17/2018 12:42:36    10.9    False     -0.05003951     -0.01629629    0.0006200697        1.449417      1.5       -1.923789  0.6163861   3.699748   357.1346
 05/17/2018 12:42:36   10.92    False      -0.0347907     -0.02759453      0.02463755        1.448177      1.5       -1.942963 0.05418182   3.838717   356.7021
 05/17/2018 12:42:36   10.94    False     -0.01954172      0.04154617      0.02445239        1.446953      1.5       -1.961199   359.7113   3.955328   356.9113
 05/17/2018 12:42:36   10.96    False     -0.01153698      0.08902065      0.02606081        1.445769      1.5       -1.978328 0.07287722   3.904796   357.2285
 05/17/2018 12:42:36   10.98    False     -0.01812328      0.08706024      0.01223989          1.4446      1.5       -1.995457  0.2521653   3.951679   357.6529
 05/17/2018 12:42:36      11    False     -0.01812328      0.08706024      0.01223989        1.443409      1.5       -2.012687  0.6606991   3.958326   358.1403
 05/17/2018 12:42:36   11.02    False     -0.02964089      0.04909852    -0.005995261        1.442203      1.5       -2.030114  0.8617003   3.943953   358.4226
 05/17/2018 12:42:36   11.04    False     -0.02058003      0.02852577     -0.03045402        1.440982      1.5       -2.047829    1.08635   3.731408   358.9383
 05/17/2018 12:42:36   11.06    False     -0.01855681      0.03183365     -0.04759356        1.439826      1.5       -2.065548    1.19945   3.611655   359.0295
 05/17/2018 12:42:36   11.08    False     -0.02310459    -0.004133903     -0.05831259        1.438722      1.5        -2.08305   1.114877   3.571788   358.8822
 05/17/2018 12:42:36    11.1    False      -0.0324977     -0.03501929     -0.05472853        1.437656      1.5        -2.10012   1.027506   3.551987   358.7112
 05/17/2018 12:42:36   11.12    False     -0.03253766     -0.05683516     -0.03881238        1.436636      1.5       -2.116562  0.9869055   3.429343    358.591
 05/17/2018 12:42:36   11.14    False     -0.02863855     -0.08030016     -0.02098533         1.43565      1.5       -2.133007  0.4726538   3.068439   358.1362
 05/17/2018 12:42:36   11.16    False     -0.03203103     -0.05774559     -0.01026079        1.434762      1.5       -2.149567  0.3239777   3.016488   358.1018
 05/17/2018 12:42:36   11.18    False     -0.03915541     0.006099182    -0.005191588        1.433878      1.5       -2.166342  0.3185263   3.039821   358.1565
 05/17/2018 12:42:36    11.2    False     -0.03988932      0.03961512    -0.003797734        1.432988      1.5       -2.183117  0.3831133    3.07926   358.2086
 05/17/2018 12:42:36   11.22    False     -0.03409395      0.03468632    -0.002392489        1.432096      1.5       -2.199684  0.3778828   3.092114   358.2256
 05/17/2018 12:42:36   11.24    False     -0.02687645      0.02141385   -0.0007022751        1.431224      1.5       -2.215841  0.3739823   3.155505   358.2484
 05/17/2018 12:42:36   11.26    False     -0.01913864      0.01726954    -0.003599376        1.430366      1.5       -2.231402  0.3724127   3.219537   358.2456
 05/17/2018 12:42:36   11.28    False     -0.01526992    -0.003288237     -0.00581988        1.429533      1.5       -2.246203  0.3237199   3.283711   358.2159
 05/17/2018 12:42:36    11.3    False     -0.01260544     -0.01380266     -0.01077724        1.428735      1.5       -2.260107  0.2881258   3.350394   358.1718
 05/17/2018 12:42:36   11.32    False     -0.01006241    -0.002663226     -0.01348354         1.42798      1.5       -2.273005  0.2734357   3.398538   358.1172
 05/17/2018 12:42:37   11.34    False     -0.01009142      0.01348913     -0.01796612        1.427278      1.5       -2.284822  0.3147674   3.498812   357.9995
 05/17/2018 12:42:37   11.36    False     -0.01002655     0.004374105     -0.01386317        1.426625      1.5       -2.295514   0.324173   3.537228    357.951
 05/17/2018 12:42:37   11.38    False     -0.01002655     0.004374105     -0.01386317        1.426034      1.5       -2.305067  0.3103953   3.586647   357.8909
 05/17/2018 12:42:37    11.4    False     -0.00946315    -0.009275973    -0.008952784        1.425506      1.5       -2.313498  0.2784992    3.66226   357.8373
 05/17/2018 12:42:37   11.42    False    -0.004202424    -0.005029068    -0.004799449        1.425035      1.5       -2.320845  0.2513535   3.702642    357.821
 05/17/2018 12:42:37   11.44    False    -0.002846102     0.002205481   -0.0005668167        1.424626      1.5       -2.327168  0.2318563   3.778128   357.8007
 05/17/2018 12:42:37   11.46    False    -0.001050795      0.02787129    -0.004652307        1.424271      1.5       -2.332542   0.247308   3.885917   357.8377
 05/17/2018 12:42:37   11.48    False    0.0001359212    0.0001747541      -0.0135334        1.423965      1.5       -2.337053  0.2787114   3.948349   357.8757
 05/17/2018 12:42:37    11.5    False    0.0001359212    0.0001747541      -0.0135334        1.423707      1.5       -2.340792  0.2945869   3.988177    357.919
 05/17/2018 12:42:37   11.52    False    0.0008222955    0.0001752404     -0.01295587        1.423493      1.5       -2.343854  0.2942921   4.020406   357.9644
 05/17/2018 12:42:37   11.54    False     0.005846568     -0.01692392      -0.0191492        1.423319      1.5       -2.346329  0.2920055   4.041714   357.9833
 05/17/2018 12:42:37   11.56    False     0.003034764     -0.01500124     -0.01665392         1.42318      1.5       -2.348305  0.2478987   4.064809   357.9782
 05/17/2018 12:42:37   11.58    False     0.001391527    -0.009163944     -0.01001656        1.423069      1.5       -2.349864  0.2026316   4.078029   357.9638
 05/17/2018 12:42:37    11.6    False     0.001256937    -0.002666727    -0.005843326        1.422982      1.5       -2.351078  0.1716376   4.071177   357.9507
 05/17/2018 12:42:37   11.62    False     0.001256937    -0.002666727    -0.005843326        1.422916      1.5       -2.352011  0.1424845   4.068551   357.9286
 05/17/2018 12:42:37   11.64    False    -0.000167219    -0.001341824    -0.002362574        1.422866      1.5        -2.35272  0.1169009   4.061115   357.9079
 05/17/2018 12:42:37   11.66    False    -0.003226534      0.01485381     0.001584796        1.422828      1.5       -2.353252  0.1158426    4.06339   357.8479
 05/17/2018 12:42:37   11.68    False    -0.001611032      0.01826088   -0.0006656296          1.4228      1.5       -2.353647  0.1399895   4.071192   357.8339
 05/17/2018 12:42:37    11.7    False   -0.0005821324      0.01388756    -0.004808391        1.422779      1.5       -2.353935  0.1781563   4.077031   357.8352
 05/17/2018 12:42:37   11.72    False    0.0005467281     0.003220164    -0.007667356        1.422764      1.5       -2.354143  0.1962574   4.078143   357.8543
 05/17/2018 12:42:37   11.74    False     0.002617753    0.0004963523    -0.009221865        1.422754      1.5       -2.354292  0.2153085   4.067935   357.8763
 05/17/2018 12:42:37   11.76    False     0.003314587     0.004342499    -0.009261361        1.422746      1.5       -2.354396  0.2605723   3.995483   357.9325
 05/17/2018 12:42:37   11.78    False     0.002046074     0.003820766    -0.006947666        1.422741      1.5       -2.354469   0.289294   3.942004   357.9472
 05/17/2018 12:42:37    11.8    False   -0.0008445136    0.0005900019    -0.005363826        1.422738      1.5       -2.354519  0.3085608   3.903477   357.9509
 05/17/2018 12:42:37   11.82    False    -0.002909786    -0.001752209    -0.006766446        1.422736      1.5       -2.354553  0.3445092   3.838136   357.9516
 05/17/2018 12:42:37   11.84    False    -0.005458719   -0.0004724294    -0.005808896        1.422734      1.5       -2.354576  0.3702901   3.803821   357.9457
 05/17/2018 12:42:37   11.86    False    -0.009078822    -0.007576861    -0.007457573        1.422733      1.5       -2.354591  0.4549192   3.718422   357.9435
 05/17/2018 12:42:37   11.88    False    -0.009078822    -0.007576861    -0.007457573        1.422732      1.5       -2.354601  0.4717855   3.683393   357.9544
 05/17/2018 12:42:37    11.9    False    -0.006123504     -0.01541192    -0.008379074        1.422732      1.5       -2.354608  0.4760765   3.655131   357.9597
 05/17/2018 12:42:37   11.92    False    -0.004331784     -0.01386169    -0.005422692        1.422732      1.5       -2.354612  0.4443742   3.614248   357.9772
 05/17/2018 12:42:37   11.94    False    -0.003810001     -0.01070114   -0.0006958351        1.422732      1.5       -2.354614  0.4210824   3.585091   357.9758
 05/17/2018 12:42:37   11.96    False    -0.003441494    -0.005345415     0.002231937        1.422732      1.5       -2.354616   0.364191   3.527794    357.947
 05/17/2018 12:42:37   11.98    False    -0.002425911     0.001450061     0.002247255        1.422732      1.5       -2.354617  0.3403396   3.504606    357.945
 05/17/2018 12:42:37      12    False    -0.002425911     0.001450061     0.002247255        1.422732      1.5       -2.354617  0.3179363   3.488683   357.9404
 05/17/2018 12:42:37   12.02    False    -0.002056472     0.009748111     0.006515516        1.422732      1.5       -2.354618  0.3120914   3.475525    357.937
 05/17/2018 12:42:37   12.04    False    0.0007455408      0.01154836     0.002845903        1.422732      1.5       -2.354618   0.311312    3.46999     357.94
 05/17/2018 12:42:37   12.06    False     0.002734286    -0.002436541     -0.00129959        1.422732      1.5       -2.354618  0.3117608   3.450113   357.9608
 05/17/2018 12:42:37   12.08    False     0.002837242    -0.002354075     -0.00145663        1.422732      1.5       -2.354618  0.2979386   3.433675    357.972
 05/17/2018 12:42:37    12.1    False     0.002927824    -0.007101125    -0.001805705        1.422732      1.5       -2.354618  0.2866036   3.422749    357.981
 05/17/2018 12:42:37   12.12    False     0.002239763     0.006811813     -0.00375172        1.422732      1.5       -2.354618  0.2785421   3.408094   357.9906
 05/17/2018 12:42:37   12.14    False     0.002239763     0.006811813     -0.00375172        1.422732      1.5       -2.354618  0.2872142   3.398906   358.0063
 05/17/2018 12:42:37   12.16    False    0.0004883708     0.004674211    -0.009564945        1.422732      1.5       -2.354618  0.3062732   3.389272   358.0194
 05/17/2018 12:42:37   12.18    False    -0.004095807    0.0009649891     -0.01394866        1.422732      1.5       -2.354618   0.375158   3.398232   358.0612
 05/17/2018 12:42:37    12.2    False    -0.006585281    -0.004795188     -0.01507367        1.422732      1.5       -2.354618  0.3894921   3.405824   358.0564
 05/17/2018 12:42:37   12.22    False    -0.005495025     -0.01086568      -0.0141333        1.422732      1.5       -2.354618  0.4092247   3.437087   358.0525
 05/17/2018 12:42:37   12.24    False    -0.006361513    -0.009016419       -0.010177        1.422732      1.5       -2.354618  0.4094201   3.469405   358.0539