 05/17/2018 15:41:15   19.94    False      0.01630231       0.0308921    0.0008855955       -2.644541      1.5       -1.195232   2.716338    188.491   2.947286
 05/17/2018 15:41:15   19.96    False      0.01953653        0.014978    -0.000568109       -2.644541      1.5       -1.195232    2.72492   188.4694   2.985542
 05/17/2018 15:41:15   19.98    False      0.02407335    -0.003064373    -0.004073761       -2.644541      1.5       -1.195232   2.740834   188.4322   3.021289
 05/17/2018 15:41:15      20    False      0.02764698     0.002193617    -0.009863338       -2.644541      1.5       -1.195232   2.760517   188.3583   3.052682
 05/17/2018 15:41:15   20.02    False      0.03237121   -0.0009754918    -0.004313656       -2.644541      1.5       -1.195232   2.834944   188.1537   3.047031
 05/17/2018 15:41:15   20.04    False      0.03237121   -0.0009754918    -0.004313656       -2.644541      1.5       -1.195232   2.797603   188.0683   3.009844
 05/17/2018 15:41:15   20.06    False      0.02619396     -0.02315565     0.004237539       -2.644541      1.5       -1.195232   2.757531   188.0003   3.015173
 05/17/2018 15:41:15   20.08    False      0.01952877    -0.006451024     0.005519054       -2.644541      1.5       -1.195232   2.756289   187.9524   3.006217
 05/17/2018 15:41:15    20.1    False       0.0177146       0.0410434    0.0002909439       -2.644541      1.5       -1.195232   2.773083   187.8998   2.980923
 05/17/2018 15:41:15   20.12    False     0.001188019      0.04237929    -0.006583549       -2.644541      1.5       -1.195232   2.737814   187.8316   2.821938
 05/17/2018 15:41:15   20.14    False    -0.004144009      0.03220086    -0.006676326       -2.644541      1.5       -1.195232   2.687052   187.8099   2.726643
 05/17/2018 15:41:15   20.16    False    -0.004144009      0.03220086    -0.006676326       -2.644541      1.5       -1.195232   2.678454   187.8003     2.6737
 05/17/2018 15:41:15   20.18    False      -0.0143138      0.04103805    -0.008367782       -2.644541      1.5       -1.195232   2.701026   187.7939   2.603454
 05/17/2018 15:41:15    20.2    False     -0.02719922      0.01396759    -0.001900509       -2.644541      1.5       -1.195232   2.753959   187.8071   2.483798
 05/17/2018 15:41:15   20.22    False     -0.05103656     -0.02195523    0.0008089369       -2.644541      1.5       -1.195232   2.587597    187.912   2.197133
 05/17/2018 15:41:15   20.24    False     -0.06165923      0.03908405     0.005996534       -2.644541      1.5       -1.195232   2.506355   188.0399   2.059644
 05/17/2018 15:41:15   20.26    False     -0.07203398      0.02431504      0.02050915       -2.644541      1.5       -1.195232   2.506819     188.29   1.892754
 05/17/2018 15:41:15   20.28    False     -0.07160415     -0.06242029      0.03597927       -2.644541      1.5       -1.195232   2.541878   188.5856   1.620836
 05/17/2018 15:41:15    20.3    False     -0.07160415     -0.06242029      0.03597927       -2.644541      1.5       -1.195232   2.550972   188.7057   1.630681
 05/17/2018 15:41:15   20.32    False     -0.02926354      -0.1096133      0.02744186       -2.644494      1.5       -1.194921   2.649065   188.6752   1.828047
 05/17/2018 15:41:15   20.34    False    -0.006988775     -0.08023228     0.001072658       -2.644353      1.5       -1.194001   2.696267   188.6395   1.866382
 05/17/2018 15:41:15   20.36    False     -0.00695038     -0.03793254     -0.01609937       -2.644078      1.5       -1.192194   2.874597   188.6105   1.880147
 05/17/2018 15:41:15   20.38    False      -0.0260065     -0.01079537     -0.02041201       -2.643805      1.5       -1.190386   3.074503   188.5929    1.79709
 05/17/2018 15:41:15    20.4    False     -0.04041117      0.00830301     -0.02074071       -2.643535      1.5       -1.188601    3.32466   188.6041   1.636054
 05/17/2018 15:41:15   20.42    False     -0.04417349    0.0002932991    -0.008736692       -2.643272      1.5        -1.18686   3.228028   188.6621   1.621269
 05/17/2018 15:41:15   20.44    False     -0.04388307     -0.03715164      0.01072131       -2.643016      1.5       -1.185183   3.028985    188.726   1.625581
 05/17/2018 15:41:15   20.46    False     -0.04230754     -0.05426111      0.02895976       -2.642771      1.5       -1.183588   2.378488   188.8215   1.706139
 05/17/2018 15:41:15   20.48    False     -0.04541372     -0.01187025      0.03620666       -2.642524      1.5       -1.181994   1.874279   188.8747   1.777901
 05/17/2018 15:41:15    20.5    False     -0.04453837      0.05806467      0.03306262       -2.642275      1.5         -1.1804   1.673309   188.9428   1.776287
 05/17/2018 15:41:15   20.52    False     -0.03648037       0.1132701      0.02618161       -2.642024      1.5       -1.178807   1.757986   188.9359   1.719279
 05/17/2018 15:41:15   20.54    False     -0.02586065       0.1424124      0.01427515       -2.641728      1.5       -1.176922   2.043999   188.8756   1.632608
 05/17/2018 15:41:15   20.56    False     -0.01719132       0.1486837     0.009703862       -2.641345      1.5       -1.174467   2.233679   188.8012   1.579435
 05/17/2018 15:41:15   20.58    False     -0.01615163      0.09266832     0.006879966       -2.640836      1.5       -1.171181   2.453167   188.6384   1.603079
 05/17/2018 15:41:15    20.6    False     -0.02434788      0.02897758   -0.0004664107       -2.640175      1.5       -1.166834   2.535959   188.4172   1.675976
 05/17/2018 15:41:15   20.62    False     -0.02355271      0.02878474     0.001545394       -2.639532      1.5       -1.162485   2.601992   187.9326   1.915458
 05/17/2018 15:41:16   20.64    False      -0.0463529      0.07676423       -0.020515       -2.638933      1.5       -1.158185   2.610686   187.2098   2.163406
 05/17/2018 15:41:16   20.66    False     -0.06068444      0.05611271     -0.01943712       -2.638388      1.5       -1.153877   3.261916   186.8675   2.294606
 05/17/2018 15:41:16   20.68    False     -0.06068444      0.05611271     -0.01943712       -2.637837      1.5       -1.149308   3.736501   186.6154   2.408571
 05/17/2018 15:41:16    20.7    False     -0.06330141      -0.1598343      0.06842151       -2.637248      1.5       -1.144229   2.467699   186.3141   2.195556
 05/17/2018 15:41:16   20.72    False     -0.08487017      -0.5274554      0.05492261       -2.636604      1.5       -1.138408   2.349691    186.236   2.162962
 05/17/2018 15:41:16   20.74    False     -0.04082533     -0.07901455      -0.0275196       -2.635865      1.5       -1.131644   359.2475   185.9789   2.146034
 05/17/2018 15:41:16   20.76    False    -0.002660957       0.2936295     -0.06005244        -2.63504      1.5       -1.123761   358.8717   185.8471   2.394026
 05/17/2018 15:41:16   20.78    False      0.03136612       0.4689249     -0.02596118       -2.634104      1.5       -1.114629  0.4269038   185.7153   2.969557
 05/17/2018 15:41:16    20.8    False      0.03136612       0.4689249     -0.02596118       -2.633056      1.5        -1.10415   1.623992   185.6361   3.377537
 05/17/2018 15:41:16   20.82    False      0.02732985       0.1960573    -0.005416936       -2.631883      1.5       -1.092271   1.520054    185.387    3.27399
 05/17/2018 15:41:16   20.84    False      0.01599433      -0.1134975     -0.03025905       -2.630629      1.5       -1.078972   2.813704   185.2387   3.076431
 05/17/2018 15:41:16   20.86    False      0.01163183      0.01806483      -0.0270911       -2.629282      1.5       -1.064272   3.453874   185.3594   2.803911
 05/17/2018 15:41:16   20.88    False     -0.00690572     -0.08828828     -0.03461112       -2.627903      1.5       -1.049574   3.539359   185.5922   2.487728
 05/17/2018 15:41:16    20.9    False    -0.009160133      -0.1766948     -0.04750232       -2.626464      1.5       -1.034883   3.392644   185.8122   2.385167
 05/17/2018 15:41:16   20.92    False    -0.009160133      -0.1766948     -0.04750232       -2.624956      1.5       -1.020067   3.254356   185.9914   2.366948
 05/17/2018 15:41:16   20.94    False      0.01618007     -0.06550791     -0.05099357       -2.623375      1.5          -1.005   2.846326   186.6624   2.286931
 05/17/2018 15:41:16   20.96    False      0.02647549     -0.09793681     -0.03462355       -2.621574      1.5      -0.9895821   2.202743   186.9327   2.135174
 05/17/2018 15:41:16   20.98    False      0.04375954     -0.06610258      -0.0214968       -2.619643      1.5      -0.9736991   1.648013   187.1066   2.000653
 05/17/2018 15:41:16      21    False      0.05379522      0.02421692      -0.0070839       -2.617594      1.5      -0.9572629   1.316704   187.2161   1.952477
 05/17/2018 15:41:16   21.02    False      0.05574456      0.08329626     0.005659204       -2.615513      1.5      -0.9408307   1.149838   187.3522   1.905355
 05/17/2018 15:41:16   21.04    False      0.05203856       0.1066364      0.01974421       -2.613393      1.5      -0.9244035    1.37467   187.2906    1.92387
 05/17/2018 15:41:16   21.06    False      0.05134013       0.1078309      0.02452613       -2.611278      1.5      -0.9078664   1.429071    187.267   1.974182
 05/17/2018 15:41:16   21.08    False      0.04837939      0.09131599      0.02298407       -2.609142      1.5       -0.891117   1.418322   187.2837   1.991932
 05/17/2018 15:41:16    21.1    False      0.03772014        0.104134      0.01913484       -2.606962      1.5      -0.8740611   1.369895   187.3199   2.023024
 05/17/2018 15:41:16   21.12    False      0.02880759       0.1349888      0.01091689       -2.604721      1.5      -0.8566145    1.30983   187.3442   2.080239
 05/17/2018 15:41:16   21.14    False      0.02216022       0.1692352    -0.005204121       -2.602412      1.5      -0.8387055   1.102162    187.346   2.150238
 05/17/2018 15:41:16   21.16    False      0.01673486       0.2311661     -0.02344398       -2.600037      1.5      -0.8202776    0.83221   187.3256   2.127718
 05/17/2018 15:41:16   21.18    False     0.004223033       0.3086421     -0.01956485       -2.597596      1.5      -0.8012905   2.524048   187.3982   2.173583
 05/17/2018 15:41:16    21.2    False     0.004307844       0.3070967     -0.01874597       -2.595056      1.5      -0.7817255   3.817805   187.7268    1.93387
 05/17/2018 15:41:16   21.22    False    -0.005799286     -0.07100648       0.1215972       -2.592323      1.5       -0.761588   2.159972    187.757   1.083658
 05/17/2018 15:41:16   21.24    False     -0.06395985      -0.6628147     -0.01900337       -2.589501      1.5      -0.7408723   2.547123   187.7958  0.8944205
 05/17/2018 15:41:16   21.26    False     -0.01846682      -0.1436931     -0.03202008       -2.586589      1.5      -0.7195995   1.466135   187.7634   1.090249
 05/17/2018 15:41:16   21.28    False     -0.03828574      0.03666433     -0.05347094       -2.583616      1.5      -0.6977966   1.487378   187.7574    1.19839
 05/17/2018 15:41:16    21.3    False     -0.03828574      0.03666433     -0.05347094       -2.580646      1.5      -0.6759934   1.828762   187.7641   1.321931
 05/17/2018 15:41:16   21.32    False     -0.05020154       0.1851115     -0.05078917        -2.57771      1.5      -0.6544614    2.16737   187.8658   1.683044
 05/17/2018 15:41:16   21.34    False     -0.07390016      0.07451451     -0.03090024       -2.574736      1.5      -0.6329346   2.160008   187.8203   1.848919
 05/17/2018 15:41:16   21.36    False     -0.07899852      -0.1073059     -0.02183769       -2.571774      1.5      -0.6113615   2.510219   187.5918   2.679337
 05/17/2018 15:41:16   21.38    False     -0.09178786     -0.07343613     -0.02546069       -2.568885      1.5      -0.5896906   2.345024   187.5404   2.634774
 05/17/2018 15:41:16    21.4    False     -0.09502019     -0.02897719     -0.03273121          -2.566      1.5      -0.5678916   2.350353   187.5024   2.500581
 05/17/2018 15:41:16   21.42    False     -0.09067534    -0.005951657     -0.02417053       -2.563128      1.5      -0.5460907   2.334116   187.5247   2.382632
 05/17/2018 15:41:16   21.44    False     -0.09067534    -0.005951657     -0.02417053       -2.560285      1.5      -0.5245618   2.350744   187.4897   2.272057
 05/17/2018 15:41:16   21.46    False     -0.07274369      0.01616831     -0.02001349       -2.557524      1.5      -0.5035627   2.442147   187.4666    2.03079
 05/17/2018 15:41:16   21.48    False     -0.07013185      0.01929161     -0.01947376       -2.554873      1.5      -0.4833354   2.448005   187.4755   2.047355
 05/17/2018 15:41:16    21.5    False     -0.07050409     -0.01540063     -0.01161639       -2.552348      1.5       -0.464095   2.416282   187.4906   2.099443
 05/17/2018 15:41:16   21.52    False     -0.06722632     -0.03903883   -0.0007899416       -2.549972      1.5       -0.446021   2.150331   187.5469   2.303509
 05/17/2018 15:41:16   21.54    False     -0.06397911     -0.02942307     0.002477565        -2.54775      1.5      -0.4292551   1.828482   187.6342   2.385561
 05/17/2018 15:41:16   21.56    False     -0.05359383     0.006400358    -0.005865228       -2.545692      1.5      -0.4138969   1.250209   187.6429   2.200529
 05/17/2018 15:41:16   21.58    False     -0.03450131      0.06452269     -0.01245898       -2.543827      1.5      -0.4000006   1.052676    187.536   2.049957
 05/17/2018 15:41:16    21.6    False     -0.01785672       0.1284281       -0.020262       -2.541988      1.5      -0.3861009  0.8967048   187.3763   1.939102
 05/17/2018 15:41:16   21.62    False     -0.01671307       0.1832996     -0.02984194        -2.54017      1.5      -0.3720571  0.6237761   187.1505   1.872901
 05/17/2018 15:41:17   21.64    False     -0.02245575       0.2432036     -0.05104938       -2.538373      1.5      -0.3577333  0.5665624   186.9246   1.908987
 05/17/2018 15:41:17   21.66    False     -0.03858507       0.3112502     -0.08877683       -2.536585      1.5      -0.3430057  0.7650922   186.4148   2.261679
 05/17/2018 15:41:17   21.68    False     -0.03858507       0.3112502     -0.08877683        -2.53487      1.5      -0.3277555   2.312546   186.0338   2.678667
 05/17/2018 15:41:17    21.7    False     -0.03397024      0.05576408      0.03418539       -2.533194      1.5      -0.3118946   3.917216   185.9063   3.272038
 05/17/2018 15:41:17   21.72    False     -0.05477463      -0.7266315       0.1221237       -2.531483      1.5      -0.2953579   3.203958   185.6254    3.42215
 05/17/2018 15:41:17   21.74    False     -0.02992928      -0.9051641     -0.02581535       -2.529782      1.5      -0.2780898  0.4001102   185.3922    3.06881
 05/17/2018 15:41:17   21.76    False      0.02318787     0.008355134     -0.02653577        -2.52808      1.5      -0.2600618   358.4481   184.9697   2.411808
 05/17/2018 15:41:17   21.78    False      0.05927036       0.4716076      0.03954522       -2.526512      1.5      -0.2420218  0.1411974   184.7649   3.180911
 05/17/2018 15:41:17    21.8    False      0.05927036       0.4716076      0.03954522       -2.525007      1.5      -0.2239763   1.281801    184.494   4.015264
 05/17/2018 15:41:17   21.82    False      0.05386927       0.2585307     -0.02972657       -2.523582      1.5      -0.2058348   2.186241   184.0806    4.13891
 05/17/2018 15:41:17   21.84    False      0.04137617     -0.07226497     -0.06948341       -2.522274      1.5      -0.1875086   3.464909    183.894   3.959117
 05/17/2018 15:41:17   21.86    False       0.0345077    -0.002231057      -0.1062352       -2.521009      1.5      -0.1689238   4.635038   183.8981    3.98134
 05/17/2018 15:41:17   21.88    False     -0.02954707      -0.1914287     -0.08241384       -2.519743      1.5      -0.1503391   4.438381   183.9322   4.261758
 05/17/2018 15:41:17    21.9    False     -0.01347467      -0.3334541      -0.1113048       -2.518465      1.5      -0.1317552   3.470413   183.9445   4.153185
 05/17/2018 15:41:17   21.92    False     -0.01347467      -0.3334541      -0.1113048       -2.517178      1.5      -0.1130888   3.051333   183.8447   4.199328
 05/17/2018 15:41:17   21.94    False     0.008486474      -0.1607727      -0.1099531       -2.515913      1.5     -0.09425795   2.655184   183.8236   4.155493
 05/17/2018 15:41:17   21.96    False      0.01430525      0.01462849     -0.08989101       -2.514638      1.5      -0.0751906   2.438819   183.8656    4.00668
 05/17/2018 15:41:17   21.98    False      0.04221038     0.007826399     -0.03011444        -2.51335      1.5     -0.05612418   1.306422   183.8843   3.502329
 05/17/2018 15:41:17      22    False      0.05312417      0.03251575    -0.004542523       -2.512071      1.5     -0.03729504  0.8409718   183.8713   3.390788
 05/17/2018 15:41:17   22.02    False      0.05728165      0.09161386      0.01231368       -2.510829      1.5     -0.01893051  0.5664434   183.8907   3.345248
 05/17/2018 15:41:17   22.04    False      0.05770376       0.1127887      0.02851056        -2.50958      1.5   -0.0005664099  0.4373205   183.9253   3.343946
 05/17/2018 15:41:17   22.06    False      0.05770376       0.1127887      0.02851056       -2.508314      1.5      0.01788236  0.4275604   183.9407   3.303842
 05/17/2018 15:41:17   22.08    False      0.05288827      0.08587323      0.04396804       -2.507031      1.5      0.03649847  0.6176699    184.078   3.258035
 05/17/2018 15:41:17    22.1    False      0.05163536      0.09653722       0.0377026       -2.505687      1.5      0.05535522  0.6422382   184.1618   3.256693
 05/17/2018 15:41:17   22.12    False      0.05586096      0.08860045      0.02270173       -2.504292      1.5      0.07452106  0.6512669   184.2588   3.240037
 05/17/2018 15:41:17   22.14    False      0.05903895      0.05843868     0.007369532       -2.502838      1.5      0.09405208  0.6664872    184.375   3.197403
 05/17/2018 15:41:17   22.16    False      0.05402447      0.04764292   -9.717326E-05       -2.501312      1.5       0.1139918  0.6199346   184.5127   3.102897
 05/17/2018 15:41:17   22.18    False      0.04781895      0.07280158     -0.01560668       -2.499704      1.5       0.1343707  0.3435418   185.0103   2.505145
 05/17/2018 15:41:17    22.2    False      0.03272812      0.08635179     -0.02995109       -2.497878      1.5       0.1551953  0.4138801   185.3403   2.167778
 05/17/2018 15:41:17   22.22    False       0.0122795    -0.008494491      0.03796832       -2.495889      1.5       0.1764747   1.411113   185.8274   1.967009
 05/17/2018 15:41:17   22.24    False    -0.008741621      -0.4432651      0.03786217       -2.493719      1.5       0.1977365  0.2284441   186.2505    1.62326
 05/17/2018 15:41:17   22.26    False      0.01888932      -0.3090503      0.01221734       -2.491392      1.5       0.2189816   358.9378   186.3411   1.235321
 05/17/2018 15:41:17   22.28    False     -0.01178994      -0.3230208     -0.01961846       -2.489026      1.5       0.2402716   358.1266    186.236   1.592039
 05/17/2018 15:41:17    22.3    False     -0.01178994      -0.3230208     -0.01961846       -2.486689      1.5        0.261661   356.8723   186.0152   1.287667
 05/17/2018 15:41:17   22.32    False     -0.01050913      0.05182282     -0.02981664       -2.484419      1.5       0.2831978   356.9016   185.9303   1.103642
 05/17/2018 15:41:17   22.34    False     -0.01296564      0.05106089     -0.04248174       -2.482163      1.5       0.3049147    357.594   185.9544    1.01499
 05/17/2018 15:41:17   22.36    False     -0.03237103       0.2501628     -0.06944419       -2.479877      1.5       0.3268394   358.1174   185.9837  0.9906515
 05/17/2018 15:41:17   22.38    False     -0.04477118       0.1488219     -0.06108253       -2.477554      1.5       0.3489971    358.609   186.1514   1.035483
 05/17/2018 15:41:17    22.4    False     -0.04722782    -0.009198273     -0.01708751        -2.47514      1.5       0.3713995    358.414   186.2743   1.044987
 05/17/2018 15:41:17   22.42    False     -0.04722782    -0.009198273     -0.01708751       -2.472677      1.5       0.3937966   357.9307   186.7745  0.9535811
 05/17/2018 15:41:17   22.44    False     -0.05987563     -0.09146293     0.005681357       -2.470052      1.5       0.4158935   357.8642    187.142  0.9766509
 05/17/2018 15:41:17   22.46    False     -0.05596706   -0.0009522496     0.001012634       -2.467286      1.5        0.437973   358.1629   187.3992   1.111111
 05/17/2018 15:41:17   22.48    False     -0.02274291       0.1099215     -0.01935415        -2.46442      1.5       0.4600399   359.1854   187.8576   1.453671
 05/17/2018 15:41:17    22.5    False     -0.01859199      0.06278731     -0.03032341       -2.461378      1.5       0.4820832   359.6491     188.07   1.651452
 05/17/2018 15:41:17   22.52    False     -0.02389693      0.02663518     -0.04342863       -2.458249      1.5       0.5041526   359.9835   188.2951   1.897639
 05/17/2018 15:41:17   22.54    False     -0.02176872     -0.02710362     -0.04652153       -2.455033      1.5       0.5262095  0.1408786   188.4783   2.096515
 05/17/2018 15:41:17   22.56    False     -0.02176872     -0.02710362     -0.04652153       -2.451787      1.5       0.5479821   359.9543   188.5255   2.119689
 05/17/2018 15:41:17   22.58    False    -0.006507762     -0.09704807     -0.05760614       -2.448604      1.5       0.5692145   359.6545   188.2489   1.863508
 05/17/2018 15:41:17    22.6    False      0.01890986     -0.04999631     -0.07594419       -2.445524      1.5        0.590462   359.4138   187.9413   1.790868
 05/17/2018 15:41:17   22.62    False     0.004131548     -0.01467672     -0.06290888       -2.442551      1.5       0.6117729   359.1237   187.5263   1.748568
 05/17/2018 15:41:18   22.64    False     -0.02072171     -0.01267488     -0.04350109       -2.439733      1.5       0.6331047   358.7517   187.1131    1.68294
 05/17/2018 15:41:18   22.66    False      -0.0436948     0.008196621     -0.02874991       -2.437101      1.5       0.6541911   358.5204   186.7938   1.635382
 05/17/2018 15:41:18   22.68    False     -0.06163884      0.05668385     -0.01833655        -2.43465      1.5       0.6747709   358.3098    186.468   1.694445
 05/17/2018 15:41:18    22.7    False     -0.06541391       0.1232102     -0.02037163       -2.432315      1.5       0.6953642   357.8158   185.8027   1.999982
 05/17/2018 15:41:18   22.72    False     -0.06470255        0.199677     -0.02512512       -2.430214      1.5       0.7160398    357.738   185.4235   2.235129
 05/17/2018 15:41:18   22.74    False     -0.06855321       0.2416942     -0.03801012       -2.428239      1.5         0.73684   357.6395   185.0105   2.515023
 05/17/2018 15:41:18   22.76    False     -0.06559609        0.221459     -0.03593987         -2.4264      1.5       0.7578153    357.987   184.5714   2.723647
 05/17/2018 15:41:18   22.78    False      -0.0591664    -0.005157727      0.05662267       -2.424706      1.5       0.7790105   359.3146   184.1683   3.096212
 05/17/2018 15:41:18    22.8    False     -0.06648662      -0.4845304      0.04986306        -2.42316      1.5        0.800217   357.8298   183.0461   3.221452
 05/17/2018 15:41:18   22.82    False     -0.02706778      -0.3809327       0.0872855        -2.42203      1.5       0.8214498   356.7313   182.5954   3.103969
 05/17/2018 15:41:18   22.84    False     -0.02093054      -0.0832561    -0.007790514       -2.421065      1.5       0.8427409   354.9867   182.1716   2.763859
 05/17/2018 15:41:18   22.86    False    -0.005850386       0.3479314        -0.02196       -2.420254      1.5       0.8641369   355.2332   181.9492   2.656764
 05/17/2018 15:41:18   22.88    False      0.01452473       0.5144545      0.03790031       -2.419521      1.5        0.885679   357.3474   181.8486   3.267842
 05/17/2018 15:41:18    22.9    False     0.001075231      0.02622041    -0.007952669       -2.418819      1.5       0.9074049   359.2306   181.6042   4.229323
 05/17/2018 15:41:18   22.92    False      0.01074718      -0.2751033     -0.06881864       -2.418211      1.5       0.9291336  0.5070097   181.4749   3.796888
 05/17/2018 15:41:18   22.94    False      0.01074718      -0.2751033     -0.06881864       -2.417651      1.5       0.9508636    2.00556   181.5088   3.253504
 05/17/2018 15:41:18   22.96    False      0.04015686     -0.04285648     -0.03396975       -2.417078      1.5       0.9726375   2.454559   181.5791   2.699638
 05/17/2018 15:41:18   22.98    False      0.01412532      -0.1732241     -0.05012441       -2.416477      1.5       0.9944106    1.97849   181.5676   2.305608
 05/17/2018 15:41:18      23    False      0.02732547       -0.372766     -0.09275529       -2.415882      1.5        1.016184  0.2141821   181.5512    1.90686
 05/17/2018 15:41:18   23.02    False      0.02175613      -0.1194115     -0.05985826       -2.415291      1.5        1.038001   359.6578   181.7306   1.909176
 05/17/2018 15:41:18   23.04    False     0.006507203      -0.0129886     -0.02181389       -2.414629      1.5        1.059902   358.9653   181.9886   1.945572
 05/17/2018 15:41:18   23.06    False     0.006507203      -0.0129886     -0.02181389       -2.413869      1.5          1.0818   358.2547    182.204   1.884598
 05/17/2018 15:41:18   23.08    False      0.01833359    -0.004662347     0.004895758       -2.413037      1.5        1.103423   357.6351   182.4445   1.807784
 05/17/2018 15:41:18    23.1    False      0.04813782      0.07987324       0.0347643       -2.412137      1.5        1.124508   357.0713   182.7563   1.693423
 05/17/2018 15:41:18   23.12    False      0.05535669       0.1611639      0.02925469       -2.411122      1.5        1.145588    357.361   182.8342   1.906517
 05/17/2018 15:41:18   23.14    False      0.05925969       0.2138729      0.02481796       -2.410075      1.5        1.166719   357.8402   182.7176   2.078327
 05/17/2018 15:41:18   23.16    False      0.05359543       0.1997839      0.02280616       -2.409067      1.5        1.187954   358.1869   182.8229   2.344105
 05/17/2018 15:41:18   23.18    False      0.03835733       0.1327736      0.02166537       -2.408013      1.5        1.209335   358.6401   182.9003   2.522786
 05/17/2018 15:41:18    23.2    False      0.03835733       0.1327736      0.02166537        -2.40692      1.5        1.230905   358.8307   182.9339   2.508471
 05/17/2018 15:41:18   23.22    False     0.008692757      0.05472314      0.01456361       -2.405803      1.5        1.252698   358.6614   183.0209   2.204122
 05/17/2018 15:41:18   23.24    False     0.006202541      0.08832475     0.001943493        -2.40464      1.5        1.274741   358.5648   183.1585   1.917591
 05/17/2018 15:41:18   23.26    False     0.002953109       0.1552944     -0.02567068       -2.403409      1.5         1.29705   358.3988   183.3824   1.455475
 05/17/2018 15:41:18   23.28    False    -0.005555522       0.1929626     -0.01004456       -2.402074      1.5        1.319636   358.9407   183.6487   1.205907
 05/17/2018 15:41:18    23.3    False     -0.01603896      -0.0989162      0.05156288       -2.400616      1.5        1.342499  0.1845028   184.1354  0.9884678
 05/17/2018 15:41:18   23.32    False     -0.03113001       -0.385992      0.03337686       -2.398944      1.5        1.365629     359.36   184.8757   359.9522
 05/17/2018 15:41:18   23.34    False     0.004285275      -0.3728752      0.08056802        -2.39695      1.5        1.389005   358.5854   185.2849    359.778
 05/17/2018 15:41:18   23.36    False      0.00362837      -0.2471061     -0.01643295       -2.394765      1.5        1.412622   357.1596   185.5004   359.2418
 05/17/2018 15:41:18   23.38    False       0.0221031        0.171035     -0.08894341       -2.392469      1.5        1.436466   356.6624   185.6893   358.9868
 05/17/2018 15:41:18    23.4    False      0.02221526       0.4400704     -0.07795399       -2.390073      1.5        1.460518   357.8309   185.8191   359.3448
 05/17/2018 15:41:18   23.42    False     -0.02532342      -0.1975819     -0.08002044       -2.387602      1.5        1.484756   359.9278   185.9769  0.6517069
 05/17/2018 15:41:18   23.44    False     -0.02532342      -0.1975819     -0.08002044       -2.385048      1.5        1.509156    359.942   185.8137   1.171654
 05/17/2018 15:41:18   23.46    False    -0.008044344      -0.1242307     -0.06348927       -2.382548      1.5         1.53371  0.4406311   185.5988   1.693407
 05/17/2018 15:41:18   23.48    False     -0.04582494     -0.02521439     -0.05996058       -2.380128      1.5        1.558397  0.7211112   185.4857   2.102377
 05/17/2018 15:41:18    23.5    False     -0.03800796     -0.02489833     -0.05274489       -2.377756      1.5        1.583088  0.8202017    185.466   2.141473
 05/17/2018 15:41:18   23.52    False     -0.09229372       -0.115085     -0.05500918       -2.375423      1.5        1.607474  0.8115268   185.6375   1.333211
 05/17/2018 15:41:18   23.54    False     -0.08351021     -0.04750736     -0.06040959       -2.373017      1.5        1.631852   0.966235   185.6832   1.148747
 05/17/2018 15:41:18   23.56    False     -0.08351021     -0.04750736     -0.06040959        -2.37059      1.5        1.656239  0.9090862   185.6892   1.200031
 05/17/2018 15:41:18   23.58    False     -0.08351021     -0.04750736     -0.06040959       -2.368158      1.5        1.680645  0.9090862   185.6892   1.200031
 05/17/2018 15:41:18    23.6    False       -0.058765      0.02498731     -0.06658528       -2.365724      1.5        1.705079  0.7737617   185.6738   1.276627
 05/17/2018 15:41:18   23.62    False     -0.04888832     0.006162101     -0.06482586       -2.363297      1.5        1.729513  0.4156066   185.7454   1.466027
 05/17/2018 15:41:18   23.64    False     -0.04860755     -0.03870702     -0.05517942       -2.360869      1.5        1.753641   359.7185   185.8262   1.686805
 05/17/2018 15:41:19   23.66    False     -0.04521964     -0.02571706     -0.03957423       -2.358468      1.5        1.777171   359.3505   185.8608   1.842013
 05/17/2018 15:41:19   23.68    False     -0.04038591      0.01734948     -0.02927714       -2.356142      1.5        1.799832    359.083   185.9179   1.847202
 05/17/2018 15:41:19    23.7    False     -0.04038591      0.01734948     -0.02927714       -2.353908      1.5        1.821387    359.083   185.9179   1.847202
 05/17/2018 15:41:19   23.72    False     -0.03278601      0.04413743     -0.01952227       -2.351809      1.5        1.841635     359.08   185.9122   1.729399
 05/17/2018 15:41:19   23.74    False     -0.02462923      0.06566117     -0.01766573       -2.349864      1.5         1.86042   359.3506   185.8199    1.61054
 05/17/2018 15:41:19   23.76    False      -0.0167972      0.07834869     -0.02011023       -2.347949      1.5        1.879209   359.3982    185.717   1.559727
 05/17/2018 15:41:19   23.78    False     -0.01699832      0.09073746     -0.02255829       -2.346059      1.5         1.89808   359.6255   185.4518   1.550678
 05/17/2018 15:41:19    23.8    False     -0.02489983      0.08292118     -0.01734169       -2.344243      1.5        1.917116   359.7493   185.1171   1.561112
 05/17/2018 15:41:19   23.82    False     -0.04770858    -0.009994439      -0.0149721       -2.342517      1.5        1.936388   359.0655    184.358   1.567929
 05/17/2018 15:41:19   23.84    False      -0.0473503      0.04286348     -0.02141667       -2.341046      1.5        1.955682   358.6778   183.9767     1.6252
 05/17/2018 15:41:19   23.86    False      -0.0473503      0.04286348     -0.02141667       -2.339721      1.5        1.974745   358.6802   183.5199   1.903422
 05/17/2018 15:41:19   23.88    False     -0.05229182       0.1090754     0.004031799       -2.338577      1.5        1.993347 0.01656506   183.2056   2.403117
 05/17/2018 15:41:19    23.9    False     -0.07867084      -0.1268746      0.07273912       -2.337535      1.5        2.011955    359.946   183.0526   2.729848
 05/17/2018 15:41:19   23.92    False      -0.1152223      -0.3931851      0.06580306       -2.336538      1.5        2.030648   358.7475   182.9014   2.659018
 05/17/2018 15:41:19   23.94    False     -0.07220623       -0.148204       0.0341166       -2.335582      1.5        2.049507   358.4035   182.8415   2.640502
 05/17/2018 15:41:19   23.96    False      0.04124705       0.3104849     -0.06907219       -2.334635      1.5        2.068602   357.3458   182.5282   2.701095
 05/17/2018 15:41:19   23.98    False      0.07546771       0.2934254     -0.08528125       -2.333778      1.5        2.088003   358.4446    182.247    2.97244
 05/17/2018 15:41:19      24    False      0.07546771       0.2934254     -0.08528125       -2.333003      1.5        2.107764   359.9917   181.9474   3.279727
 05/17/2018 15:41:19   24.02    False      0.05858614      0.02898974      -0.1088617       -2.332317      1.5        2.127928  0.9259454   181.7426    3.24385
 05/17/2018 15:41:19   24.04    False      0.01310279     -0.04106917     -0.08978926       -2.331703      1.5        2.148094   3.131535   181.8761   2.745765
 05/17/2018 15:41:19   24.06    False      0.01520934      -0.2468605     -0.08902654       -2.331051      1.5        2.168008   3.184529   182.0056   2.778441
 05/17/2018 15:41:19   24.08    False      0.02557535      -0.4162773     -0.09502058       -2.330354      1.5        2.187921   1.904485   182.0758   2.773807
 05/17/2018 15:41:19    24.1    False      0.04469907      -0.2212399     -0.07975814        -2.32963      1.5          2.2079   1.306427   182.0941   2.602554
 05/17/2018 15:41:19   24.12    False      0.04469907      -0.2212399     -0.07975814       -2.328894      1.5        2.228009  0.7438347   182.2172   2.288485
 05/17/2018 15:41:19   24.14    False      0.04349422     -0.01817463     -0.07843265       -2.328109      1.5        2.248307  0.4842112   182.4483   1.687597
 05/17/2018 15:41:19   24.16    False      0.04951733      0.05929602     -0.06399086       -2.327241      1.5        2.268601  0.4348986   182.5325   1.456483
 05/17/2018 15:41:19   24.18    False      0.05334251      0.07771707     -0.04907637       -2.326343      1.5        2.288895  0.3943729   182.5971   1.306225
 05/17/2018 15:41:19    24.2    False       0.0585215      0.07020935     -0.02456919        -2.32542      1.5        2.309249  0.2623146   182.6409   1.285591
 05/17/2018 15:41:19   24.22    False      0.05265014      0.04959312     -0.01228714       -2.324476      1.5        2.329724  0.1970385   182.7378   1.280314
 05/17/2018 15:41:19   24.24    False      0.05095137      0.07153805    -0.009932204       -2.323488      1.5        2.350374  0.2758771   182.8263    1.39391
 05/17/2018 15:41:19   24.26    False      0.05727211       0.1115684      -0.0102994       -2.322458      1.5        2.371248  0.3525958   182.9191   1.463753
 05/17/2018 15:41:19   24.28    False      0.05839656       0.1240865    -0.007408325        -2.32138      1.5        2.392386  0.4612327   183.0454   1.536494
 05/17/2018 15:41:19    24.3    False      0.05699031      0.09881622    -0.004707026       -2.320239      1.5        2.413821  0.5132486   183.1528   1.615804
 05/17/2018 15:41:19   24.32    False      0.04786059      0.07382045    -0.007471616       -2.319041      1.5        2.435574  0.5258785   183.2889   1.645142
 05/17/2018 15:41:19   24.34    False        0.034585       0.1022902     -0.02923523       -2.317772      1.5        2.457658  0.4815193   183.8019   1.445938
 05/17/2018 15:41:19   24.36    False        0.034585       0.1022902     -0.02923523       -2.316283      1.5        2.480067  0.4434807   184.1766   1.200392
 05/17/2018 15:41:19   24.38    False      0.02973123       0.1208169     -0.03716999       -2.314623      1.5        2.502799  0.3571472   184.5719   0.899438
 05/17/2018 15:41:19    24.4    False      0.02405393       0.1189996     -0.02043377        -2.31278      1.5         2.52584   1.044862   184.9312  0.6578444
 05/17/2018 15:41:19   24.42    False      0.01713952     -0.05535408      0.04392049       -2.310767      1.5        2.549172   1.495032   185.4237  0.3687842
 05/17/2018 15:41:19   24.44    False     0.008297456      -0.5363917      0.05677092       -2.308527      1.5        2.572767  0.3039985    186.013   359.6875
 05/17/2018 15:41:19   24.46    False     0.007134422      -0.2402086     -0.01548214       -2.306017      1.5        2.596593   358.3237   186.1098   359.5552
 05/17/2018 15:41:19   24.48    False    -0.002733311       0.2114193     -0.07490709       -2.303443      1.5        2.620643   357.5047   186.1819     359.64
 05/17/2018 15:41:19    24.5    False    -0.002733311       0.2114193     -0.07490709       -2.300816      1.5        2.644891   358.0896   186.3762   359.8474
 05/17/2018 15:41:19   24.52    False     -0.03977009       0.3677661     -0.05217549       -2.298088      1.5        2.669302    359.488   186.8121   359.9003
 05/17/2018 15:41:19   24.54    False      -0.0791389      -0.1068312     -0.05757321       -2.295157      1.5        2.693839  0.4488331   187.5089   359.6813
 05/17/2018 15:41:19   24.56    False      -0.0412058      -0.0108615      -0.0648767       -2.291912      1.5        2.718462    1.29958   187.6106  0.2045992
 05/17/2018 15:41:19   24.58    False     -0.04579509     -0.00402129     -0.06847332       -2.288622      1.5         2.74308   1.722677   187.7362  0.8679359
 05/17/2018 15:41:19    24.6    False     -0.05307859      -0.1210367     -0.07589231       -2.285321      1.5        2.767384   1.674144   187.8447   1.286644
 05/17/2018 15:41:19   24.62    False     -0.05307859      -0.1210367     -0.07589231       -2.281973      1.5        2.791682   1.408427   187.9159   1.270903
 05/17/2018 15:41:19   24.64    False     -0.05308028       -0.174549      -0.0819182       -2.278594      1.5        2.815986   1.031726   187.8642  0.8829304
 05/17/2018 15:41:19   24.66    False     -0.04537287    -0.001180393     -0.07498437       -2.275234      1.5        2.840311  0.5878531   188.0111  0.7110476
 05/17/2018 15:41:20   24.68    False     -0.03551238      0.03396766      -0.0567946       -2.271812      1.5        2.864627  0.1341401   188.0242  0.7632857
 05/17/2018 15:41:20    24.7    False     -0.03538145      0.03374875     -0.06063752       -2.268426      1.5        2.888641   359.6596   187.9658  0.9134262
 05/17/2018 15:41:20   24.72    False     -0.02918574      0.04106985     -0.04647553       -2.265149      1.5        2.912065   359.3299   187.8363   1.071908
 05/17/2018 15:41:20   24.74    False     -0.02916216      0.06403723     -0.03545389       -2.262043      1.5        2.934634   359.1814   187.7028   1.185285
 05/17/2018 15:41:20   24.76    False     -0.03618786      0.07614807     -0.01974758       -2.258989      1.5         2.95721   359.1248   187.4802   1.149892
 05/17/2018 15:41:20   24.78    False     -0.03764402      0.04092894     -0.01983925       -2.256019      1.5        2.979829   359.0951   187.3069   1.051529
 05/17/2018 15:41:20    24.8    False     -0.03627279      0.05773266     -0.02428142       -2.253117      1.5        3.002457   359.1075   187.0734  0.9796795
 05/17/2018 15:41:20   24.82    False     -0.03481365      0.09810952     -0.02930631       -2.250308      1.5        3.025096   359.2324   186.7198  0.9443042
 05/17/2018 15:41:20   24.84    False     -0.03169431        0.109191     -0.03139124       -2.247635      1.5        3.047783   359.3812   186.2722   0.940676
 05/17/2018 15:41:20   24.86    False     -0.02581757      0.09937403     -0.04749609       -2.245132      1.5         3.07055   359.1419   185.4151   1.081809
 05/17/2018 15:41:20   24.88    False     -0.02581757      0.09937403     -0.04749609       -2.242963      1.5        3.093441   358.9144   184.9065   1.210067
 05/17/2018 15:41:20    24.9    False     -0.02018935       0.1344595     -0.04723478       -2.240986      1.5        3.116461   358.7878   184.4282   1.363225
 05/17/2018 15:41:20   24.92    False     -0.02441566       0.1130529    -0.006125263       -2.239192      1.5         3.13963  0.1037766   184.0113   1.616071
 05/17/2018 15:41:20   24.94    False     -0.04449681      -0.1653233      0.07013541       -2.237556      1.5         3.16296   359.7605   183.7802   1.754682
 05/17/2018 15:41:20   24.96    False     -0.01438299      -0.1545243      0.01842668       -2.236004      1.5        3.186456   357.1161   183.0368   2.059867
 05/17/2018 15:41:20   24.98    False      0.03068953       0.2241267     -0.03169154       -2.234748      1.5        3.210137   356.1304   182.6454   2.320143
 05/17/2018 15:41:20      25    False      0.03068953       0.2241267     -0.03169154       -2.233645      1.5        3.233994   357.4761   182.3774   2.675643
 05/17/2018 15:41:20   25.02    False      0.05241346       0.3498346    -0.009166539       -2.232648      1.5        3.258023   359.5132    182.254   3.009331
 05/17/2018 15:41:20   25.04    False      0.04938541     0.006400845     -0.02529205       -2.231696      1.5        3.282215 0.01256941   182.0295   2.761279
 05/17/2018 15:41:20   25.06    False      0.05840571      0.04329857      -0.1120117       -2.230838      1.5         3.30641   3.216257   181.7264    2.18584
 05/17/2018 15:41:20   25.08    False      0.04834418     -0.07963557      -0.1099195       -2.230118      1.5        3.330308    4.10692   181.6748   2.347226
 05/17/2018 15:41:20    25.1    False      0.04685179      -0.4265662        -0.13078       -2.229419      1.5        3.354207   3.389665    181.506   2.198331
 05/17/2018 15:41:20   25.12    False      0.04685179      -0.4265662        -0.13078       -2.228791      1.5        3.378126   2.110333   181.2601   1.884607
 05/17/2018 15:41:20   25.14    False       0.0554599      -0.3885773        -0.11125       -2.228264      1.5        3.402081   1.158997   180.9883   1.527525
 05/17/2018 15:41:20   25.16    False      0.04756097      0.03645691     -0.05749744       -2.227849      1.5        3.426087   359.9431   180.6664   1.283993
 05/17/2018 15:41:20   25.18    False       0.0424452      0.09290697     -0.02470571        -2.22757      1.5        3.450095   359.4337   180.5534   1.298119
 05/17/2018 15:41:20    25.2    False      0.03422095       0.1244594     0.001189642       -2.227338      1.5        3.474104   359.0893   180.4787   1.340313
 05/17/2018 15:41:20   25.22    False      0.02229296       0.1309307      0.02440598       -2.227138      1.5        3.498129   359.0227   180.4863   1.410223
 05/17/2018 15:41:20   25.24    False      0.01729837       0.1221053      0.03166297       -2.226933      1.5        3.522185   359.1319    180.617   1.445723
 05/17/2018 15:41:20   25.26    False      0.01729837       0.1221053      0.03166297       -2.226674      1.5        3.546287   359.4411    180.718   1.470497
 05/17/2018 15:41:20   25.28    False      0.03031993        0.120612      0.02131257       -2.226371      1.5        3.570446   359.8026   180.8603   1.661911
 05/17/2018 15:41:20    25.3    False      0.04168868      0.08235977      0.02151036       -2.226007      1.5        3.594674   0.103329   181.0173   1.772019
 05/17/2018 15:41:20   25.32    False      0.04154243      0.02361136     0.008498733       -2.225576      1.5        3.618978  0.3123077   181.1378   1.833226
 05/17/2018 15:41:20   25.34    False      0.03987367      0.01206202     0.005183823       -2.225093      1.5        3.643281  0.4811874   181.3117   1.831412
 05/17/2018 15:41:20   25.36    False      0.03095169     -0.01884534     -0.00486926       -2.224543      1.5         3.66728    0.40643   181.5022   1.812624
 05/17/2018 15:41:20   25.38    False      0.02528512     -0.02184116     -0.01525424        -2.22393      1.5        3.690686  0.1869884   181.9599   1.735341
 05/17/2018 15:41:20    25.4    False      0.02263489      0.03227827     -0.02540817       -2.223158      1.5        3.713224 0.004826186   182.2707    1.69108
 05/17/2018 15:41:20   25.42    False      0.02235638       0.1080435     -0.04287803       -2.222308      1.5        3.734658   359.7004   182.5844   1.593174
 05/17/2018 15:41:20   25.44    False      0.02427744       0.1732576     -0.05996337       -2.221341      1.5        3.756088   359.5106   182.7937   1.460856
 05/17/2018 15:41:20   25.46    False      0.02166786       0.2125746     -0.06611192       -2.220293      1.5        3.777562   359.9419   183.0506   1.315437
 05/17/2018 15:41:20   25.48    False     -0.01185773      -0.3366681      0.09455014       -2.219144      1.5        3.799124   2.058699   183.8457   1.019249
 05/17/2018 15:41:20    25.5    False     -0.01185773      -0.3366681      0.09455014       -2.217687      1.5        3.820805   2.042318   183.9952  0.6208578
 05/17/2018 15:41:20   25.52    False     -0.01891563      -0.6953832      0.03339041       -2.216161      1.5        3.842655  0.0247882   184.0303  0.3276712
 05/17/2018 15:41:20   25.54    False      0.01923426      -0.2918144     -0.06658997       -2.214607      1.5         3.86471   359.7531   183.8807  0.2846981
 05/17/2018 15:41:20   25.56    False      0.04574172       0.3229031      -0.1030692       -2.213094      1.5        3.886999    1.28204   183.8738  0.6764782
 05/17/2018 15:41:20   25.58    False    -0.002394284      0.06806105     -0.09768268       -2.211568      1.5        3.909535    2.10307   183.8063   1.193523
 05/17/2018 15:41:20    25.6    False     -0.02148163     -0.08176277     -0.08266536       -2.210052      1.5        3.932331   1.533795   183.7475   1.049286
 05/17/2018 15:41:20   25.62    False     -0.02148163     -0.08176277     -0.08266536       -2.208541      1.5        3.955388   1.420804   183.7222   1.080495
 05/17/2018 15:41:20   25.64    False     -0.03564179     -0.03281264      -0.0650091       -2.207025      1.5        3.978704   1.267259   183.6768   1.179049
 05/17/2018 15:41:20   25.66    False      -0.0546572     -0.04288187     -0.04114317       -2.205526      1.5         4.00202   0.438495   183.6535   1.182699
 05/17/2018 15:41:21   25.68    False     -0.07103852      0.03833933      -0.0234539       -2.204056      1.5        4.025048 0.06543446   183.6772   1.152813
 05/17/2018 15:41:21    25.7    False     -0.07111803        0.105799     -0.03547128       -2.202612      1.5        4.047507  0.4799052   183.7089   1.138738
 05/17/2018 15:41:21   25.72    False     -0.06862868       0.1322661     -0.05103194       -2.201157      1.5        4.069964  0.7440946    183.863   1.088141
 05/17/2018 15:41:21   25.74    False     -0.05969462       0.1139043     -0.06898645       -2.199638      1.5        4.092453   1.555879   184.1638   1.039086
 05/17/2018 15:41:21   25.76    False     -0.05969462       0.1139043     -0.06898645       -2.197997      1.5        4.115001   2.065855   184.3691   1.224875
 05/17/2018 15:41:21   25.78    False     -0.03569655     -0.05557182     -0.06922765       -2.196267      1.5        4.137642   2.247926   184.6349   1.788437
 05/17/2018 15:41:21    25.8    False     -0.03268089     -0.09995422     -0.05382392       -2.194422      1.5          4.1604   1.885642   184.6836   1.846481
 05/17/2018 15:41:21   25.82    False     -0.03949217     -0.09249901     -0.04082531       -2.192545      1.5        4.183306   1.669565   184.7629   1.802969
 05/17/2018 15:41:21   25.84    False     -0.03441833     -0.04585327     -0.04064164       -2.190623      1.5        4.206377   1.460024   184.9164   1.741646
 05/17/2018 15:41:21   25.86    False     -0.03357317     -0.04563923     -0.04258897       -2.188623      1.5        4.229621   1.373148   185.0429   1.604261
 05/17/2018 15:41:21   25.88    False     -0.02950728    0.0008803835     -0.04323547       -2.186556      1.5        4.253047   1.325739    185.319   1.360319
 05/17/2018 15:41:21    25.9    False     -0.02926169     0.004032279     -0.03239332       -2.184376      1.5        4.276464   1.251023   185.4897   1.258531
 05/17/2018 15:41:21   25.92    False     -0.03451992    -0.002402894      -0.0223548       -2.182154      1.5        4.299583   1.202543   185.6713   1.202088
 05/17/2018 15:41:21   25.94    False     -0.02573358    -0.005981221     -0.01030257       -2.179916      1.5        4.322124   1.087249   185.8121   1.191702
 05/17/2018 15:41:21   25.96    False     -0.01839729     -0.01593355    -0.004747209       -2.177706      1.5         4.34383  0.9888163   185.9606   1.273745
 05/17/2018 15:41:21   25.98    False    -0.007725194    -0.004550999    -0.009435327       -2.175551      1.5        4.364472  0.9502587   186.0107   1.360485
 05/17/2018 15:41:21      26    False     0.004647134     0.008761241     -0.01088368       -2.173509      1.5        4.383862   0.927797   186.0592   1.509051
 05/17/2018 15:41:21   26.02    False     0.009819451     -0.01314643    -0.008703161         -2.1716      1.5        4.401849  0.8677858   186.0489   1.525446
 05/17/2018 15:41:21   26.04    False      0.01272054     -0.01525097     -0.01562911       -2.169854      1.5         4.41833  0.8467879   186.0257   1.555981
 05/17/2018 15:41:21   26.06    False      0.01474129    -0.005485744     -0.02137866        -2.16828      1.5        4.433242  0.8100446   185.9722   1.597124
 05/17/2018 15:41:21   26.08    False      0.01164838      -0.0113949     -0.03670869       -2.166885      1.5        4.446569  0.7972488   185.8494   1.628569
 05/17/2018 15:41:21    26.1    False     0.005485835      0.02673466     -0.05927854        -2.16568      1.5        4.458333  0.9577577   185.5159      1.612
 05/17/2018 15:41:21   26.12    False     0.005485835      0.02673466     -0.05927854        -2.16469      1.5        4.468592  0.9749358   185.3063   1.504984
 05/17/2018 15:41:21   26.14    False    -0.002330271    -0.006657773     -0.05397981       -2.163869      1.5        4.477425  0.8765634   185.1945   1.397938
 05/17/2018 15:41:21   26.16    False     -0.00692625     -0.04182887     -0.04471523       -2.163187      1.5        4.484934  0.6797095   185.0674   1.265207
 05/17/2018 15:41:21   26.18    False     -0.01095709     -0.04553051     -0.03736337       -2.162627      1.5        4.491239  0.4313598   184.9916   1.143853
 05/17/2018 15:41:21    26.2    False     -0.00349432     0.005105797     -0.02285315       -2.162077      1.5        4.497544  0.1267968   185.0307  0.9753813
 05/17/2018 15:41:21   26.22    False     0.003831101      0.02221381     -0.01602498       -2.161522      1.5         4.50385 0.08077984   185.0447  0.9655377
 05/17/2018 15:41:21   26.24    False      0.01191494      0.03916778     -0.01548345       -2.160972      1.5        4.510077  0.0365149   185.0961  0.9601655
 05/17/2018 15:41:21   26.26    False      0.01191494      0.03916778     -0.01548345        -2.16043      1.5        4.516149 0.02897649   185.1033    0.97127
 05/17/2018 15:41:21   26.28    False      0.02256978      0.05268813     -0.02020467       -2.159908      1.5        4.521998 0.03167243   185.1107   0.981495
 05/17/2018 15:41:21    26.3    False      0.03162644      0.03242638     -0.03123999       -2.159385      1.5        4.527847 0.03190912   185.1029   1.000477
 05/17/2018 15:41:21   26.32    False      0.03025845      0.02763624     -0.03472591       -2.158863      1.5        4.533696 0.07485999   185.0603   1.049473
 05/17/2018 15:41:21   26.34    False       0.0259203       0.0133986     -0.03757983       -2.158351      1.5        4.539473  0.1545572   184.9624    1.10772
 05/17/2018 15:41:21   26.36    False      0.01837687     -0.01632867     -0.03921909       -2.157862      1.5        4.545107  0.2119999   184.8752   1.154287
 05/17/2018 15:41:21   26.38    False      0.01837687     -0.01632867     -0.03921909       -2.157399      1.5        4.550536  0.1995072   184.7549   1.174329
 05/17/2018 15:41:21    26.4    False     0.006435884     -0.02483055     -0.03388757       -2.156969      1.5          4.5557 0.08628752    184.543   1.170327
 05/17/2018 15:41:21   26.42    False     0.001704363     -0.01922714     -0.03313945       -2.156584      1.5        4.560554 0.06888562   184.4692   1.145175
 05/17/2018 15:41:21   26.44    False     0.001781144     -0.01915566     -0.03384419       -2.156232      1.5        4.565056 0.02998666    184.407   1.158013
 05/17/2018 15:41:21   26.46    False     0.001304314    -0.008703767     -0.03096222       -2.155914      1.5        4.569182   359.9767   184.3179   1.189846
 05/17/2018 15:41:21   26.48    False     0.005208043    0.0003062331     -0.02949557       -2.155632      1.5        4.572916   359.9549   184.2611    1.22063
 05/17/2018 15:41:21    26.5    False     0.007811246     0.002174945     -0.02728126       -2.155383      1.5        4.576253   359.9161   184.1404   1.296051
 05/17/2018 15:41:21   26.52    False     0.008594865     0.003007386     -0.02275567        -2.15517      1.5        4.579198   359.9174   184.1068   1.325977
 05/17/2018 15:41:21   26.54    False     0.007177562     0.004892046     -0.02008566       -2.154986      1.5        4.581765   359.9182   184.0416   1.354922
 05/17/2018 15:41:21   26.56    False     0.006061368      0.00560069      -0.0201582        -2.15483      1.5        4.583974   359.9135   183.9809   1.383006
 05/17/2018 15:41:21   26.58    False     0.004756136     0.001790136     -0.01950812       -2.154699      1.5        4.585853   359.9105   183.9409   1.401921
 05/17/2018 15:41:21    26.6    False     0.003738956     -0.00985343     -0.01316126        -2.15459      1.5         4.58743   359.8405   183.8671   1.431044
 05/17/2018 15:41:21   26.62    False     0.003738956     -0.00985343     -0.01316126       -2.154502      1.5        4.588737   359.8174   183.8453   1.442462
 05/17/2018 15:41:21   26.64    False     0.002080505    -0.007331408      -0.0111496        -2.15443      1.5        4.589808   359.8058   183.8282   1.465822
 05/17/2018 15:41:21   26.66    False     0.004014039     0.005877458     -0.01339705       -2.154372      1.5        4.590673   359.7959   183.7957   1.511322
 05/17/2018 15:41:21   26.68    False      0.00477778      0.00856869     -0.01567908       -2.154326      1.5        4.591364   359.7991   183.7648     1.5478
 05/17/2018 15:41:22    26.7    False      0.00443211     -0.01203071     -0.01766699        -2.15429      1.5        4.591909   359.7878   183.7415   1.558978
 05/17/2018 15:41:22   26.72    False   -0.0009658278    -0.008609924     -0.01215341       -2.154263      1.5        4.592333   359.7614   183.6867   1.542183
 05/17/2018 15:41:22   26.74    False    -0.002655005    0.0001562771      -0.0115707       -2.154242      1.5         4.59266    359.752   183.6746   1.539114
 05/17/2018 15:41:22   26.76    False    -0.002655005    0.0001562771      -0.0115707       -2.154226      1.5        4.592908   359.7517   183.6586   1.539894
 05/17/2018 15:41:22   26.78    False     -0.00311045     0.003066998     -0.01139187       -2.154214      1.5        4.593094   359.7559   183.6515   1.538239
 05/17/2018 15:41:22    26.8    False    -0.003353165     0.007223269     -0.01232345       -2.154205      1.5        4.593232    359.778   183.6588   1.532658
 05/17/2018 15:41:22   26.82    False   -0.0004779664    -0.001568411     -0.01516834       -2.154198      1.5        4.593332   359.8257   183.7021   1.508964
 05/17/2018 15:41:22   26.84    False     0.003577485    -0.007288619     -0.01781056       -2.154194      1.5        4.593405    359.838   183.7236   1.496686
 05/17/2018 15:41:22   26.86    False      0.00821759    -0.003047646     -0.01792761        -2.15419      1.5        4.593457    359.851   183.7479   1.485039
 05/17/2018 15:41:22   26.88    False      0.00821759    -0.003047646     -0.01792761       -2.154188      1.5        4.593494   359.8835   183.7692   1.478208
 05/17/2018 15:41:22    26.9    False      0.01377628    0.0002755028     -0.02197264       -2.154186      1.5        4.593519   359.9046   183.7795     1.4734
 05/17/2018 15:41:22   26.92    False      0.01339302    -0.007372155     -0.02107343       -2.154185      1.5        4.593537   359.9355   183.7864   1.487208
 05/17/2018 15:41:22   26.94    False      0.01341708     -0.01166885     -0.02097231       -2.154184      1.5        4.593549   359.9422    183.784   1.490234
 05/17/2018 15:41:22   26.96    False      0.01031366    -0.004349112     -0.01834915       -2.154184      1.5        4.593557   359.9398   183.7724   1.493664
 05/17/2018 15:41:22   26.98    False     0.008255739    -0.006295331     -0.01701337       -2.154184      1.5        4.593562   359.9341   183.7502   1.500962
 05/17/2018 15:41:22      27    False     0.008255739    -0.006295331     -0.01701337       -2.154183      1.5        4.593565   359.9243   183.7419   1.497283
 05/17/2018 15:41:22   27.02    False     0.002527167     -0.01140657     -0.01421015       -2.154183      1.5        4.593568   359.8677   183.7214   1.471952
 05/17/2018 15:41:22   27.04    False    -0.004023445       -0.003127      -0.0126348       -2.154183      1.5        4.593569   359.8507   183.7195   1.468697
 05/17/2018 15:41:22   27.06    False    -0.004441908     0.002068945     -0.01284537       -2.154183      1.5         4.59357    359.828   183.7273   1.470507
 05/17/2018 15:41:22   27.08    False    -0.005022516     0.006875802     -0.01219531       -2.154183      1.5        4.593571   359.8171   183.7394   1.473535
 05/17/2018 15:41:22    27.1    False    -0.005351928      0.01447736     -0.01315803       -2.154183      1.5        4.593571   359.8275   183.7565   1.476824
 05/17/2018 15:41:22   27.12    False    0.0004842024      0.01700979     -0.01435116       -2.154183      1.5        4.593571   359.8977   183.7829    1.48781
 05/17/2018 15:41:22   27.14    False     0.001720586    0.0003988129     -0.01645578       -2.154183      1.5        4.593571   359.9168   183.7839   1.487793
 05/17/2018 15:41:22   27.16    False     0.004593171     -0.01282133       -0.017408       -2.154183      1.5        4.593571   359.9329   183.7819   1.484038
 05/17/2018 15:41:22   27.18    False      0.00242238    -0.006506456     -0.02019428       -2.154183      1.5        4.593571   359.9492   183.7757   1.481836
 05/17/2018 15:41:22    27.2    False    0.0006989041     -0.00160731     -0.01967314       -2.154183      1.5        4.593571   359.9707   183.7658   1.477774
 05/17/2018 15:41:22   27.22    False    -0.002910834    -0.003643094     -0.01960627       -2.154183      1.5        4.593571 -0.00435593    183.752   1.461197
