 05/17/2018 13:01:36   33.78    False     -0.03401874      0.06563725     0.006077222       -2.339015      1.5       -1.793097   1.347076   186.3446   354.8061
 05/17/2018 13:01:36    33.8    False     -0.03642396      0.02245693     0.004759173        -2.33898      1.5       -1.792785   1.484521   186.3982   354.5923
 05/17/2018 13:01:36   33.82    False     -0.03881145     -0.04240195      0.01798958       -2.338945      1.5       -1.792472     1.4588   186.4778   354.5641
 05/17/2018 13:01:36   33.84    False      -0.0500637       0.0388667       0.0122696        -2.33891      1.5       -1.792164  0.4207691   186.6292    354.907
 05/17/2018 13:01:36   33.86    False      -0.0500637       0.0388667       0.0122696       -2.338875      1.5       -1.791863   359.9856   186.7247   355.0237
 05/17/2018 13:01:36   33.88    False     -0.05046586      0.05124575      0.02407352        -2.33884      1.5       -1.791574   359.6062    186.848   354.8892
 05/17/2018 13:01:36    33.9    False     -0.03935692      -0.1028766       0.0438755       -2.338806      1.5       -1.791284   358.9429   186.9449   354.8492
 05/17/2018 13:01:36   33.92    False        -0.02364      -0.1140572      0.04020714       -2.338733      1.5       -1.790687   358.7084   186.8767   355.1725
 05/17/2018 13:01:36   33.94    False      -0.0337898     -0.01240696      0.01252003       -2.338588      1.5       -1.789484   358.4464   186.6708   356.3093
 05/17/2018 13:01:36   33.96    False     -0.04466265     -0.01858433      0.01520098       -2.338447      1.5        -1.78828   358.2347    186.644   356.6701
 05/17/2018 13:01:36   33.98    False     -0.04466265     -0.01858433      0.01520098       -2.338309      1.5       -1.787091   358.0225   186.7807   356.7646
 05/17/2018 13:01:36      34    False     -0.04876893     -0.03027769     0.008086898       -2.338171      1.5       -1.785932   357.8784   186.8711   356.8444
 05/17/2018 13:01:36   34.02    False      -0.0454425      0.01493414     -0.00727019       -2.338036      1.5       -1.784815   358.0508   186.9778   356.7908
 05/17/2018 13:01:36   34.04    False     -0.03658277      0.03277015      -0.0188654       -2.337906      1.5       -1.783754   358.2003   187.0117   356.7277
 05/17/2018 13:01:36   34.06    False    -0.002722274      -0.0337292     -0.02067229       -2.337784      1.5       -1.782757   358.1524    187.075   356.6697
 05/17/2018 13:01:36   34.08    False    -0.002183245     -0.03360288     -0.02190449       -2.337669      1.5       -1.781832    358.012   187.1099   356.5927
 05/17/2018 13:01:36    34.1    False     0.008168067    -0.001895358     -0.03127204       -2.337563      1.5       -1.780984    357.917   187.0917   356.4934
 05/17/2018 13:01:36   34.12    False     0.008168067    -0.001895358     -0.03127204       -2.337468      1.5       -1.780217   357.9484     187.07   356.3965
 05/17/2018 13:01:36   34.14    False    -0.001785061      0.06592714     -0.03886294       -2.337383      1.5       -1.779532   358.0614   187.0392   356.2418
 05/17/2018 13:01:36   34.16    False    -0.005558454      0.08935149     -0.03875902       -2.337298      1.5       -1.778847   358.5622    186.878    355.968
 05/17/2018 13:01:36   34.18    False      0.00124578      0.06747552     -0.04114532       -2.337179      1.5       -1.777858    358.766   186.7895   355.9017
 05/17/2018 13:01:36    34.2    False     0.004766126      0.04936284     -0.05104724        -2.33699      1.5       -1.776272   358.8976   186.6324   355.8666
 05/17/2018 13:01:36   34.22    False     0.002245574      0.03022041     -0.06334309       -2.336705      1.5        -1.77382   358.9078   186.5102   355.8452
 05/17/2018 13:01:36   34.24    False    -0.005439314      0.03881215     -0.06716783       -2.336425      1.5       -1.771367   359.1229   186.2564   355.7574
 05/17/2018 13:01:36   34.26    False     -0.01124514      0.01946238     -0.05424007        -2.33616      1.5       -1.768944   359.1511   185.9235   355.5577
 05/17/2018 13:01:36   34.28    False     -0.01868588    -0.001186714     -0.03590434       -2.335914      1.5       -1.766579   358.9151   185.7006   355.4808
 05/17/2018 13:01:36    34.3    False     -0.03168302      0.04019841     -0.01942247       -2.335687      1.5         -1.7643   359.0892   185.5312   355.4065
 05/17/2018 13:01:36   34.32    False     -0.03482065     -0.06868985      0.04792216       -2.335477      1.5       -1.762131 0.08485132   185.2168   355.0851
 05/17/2018 13:01:36   34.34    False     -0.02225951      -0.4713155       0.1325827       -2.335279      1.5       -1.759961   359.0104   185.2803   354.6028
 05/17/2018 13:01:36   34.36    False     -0.01988716      -0.3944383      0.07541474       -2.335052      1.5       -1.757506   355.7655   185.2534   354.6288
 05/17/2018 13:01:36   34.38    False     -0.03035733       0.1967511     -0.05629506       -2.334774      1.5       -1.754489   355.5647   185.0333   355.0868
 05/17/2018 13:01:36    34.4    False      -0.0171584       0.4847647      -0.1071103       -2.334436      1.5       -1.750654   356.9656   184.8393   355.3297
 05/17/2018 13:01:36   34.42    False      0.00787763       0.3290343     -0.09188978       -2.334023      1.5       -1.745776   359.0588   184.4675   355.2928
 05/17/2018 13:01:36   34.44    False      0.01200054      -0.1071773     -0.05790173       -2.333546      1.5       -1.739663  0.2080534   184.4671   354.9153
 05/17/2018 13:01:36   34.46    False     0.009180221      -0.1432535     -0.07151047        -2.33296      1.5       -1.732169    1.11624   184.6142   355.4142
 05/17/2018 13:01:36   34.48    False     0.009180221      -0.1432535     -0.07151047       -2.332236      1.5       -1.723192   1.227726   184.5743   355.7462
 05/17/2018 13:01:36    34.5    False      0.02569959      -0.1914652     -0.09286072       -2.331394      1.5       -1.712668   0.578501   184.4971   356.0979
 05/17/2018 13:01:36   34.52    False      0.01124033      -0.1886796       -0.114632       -2.330443      1.5        -1.70058 0.00657283   184.4509   356.4753
 05/17/2018 13:01:36   34.54    False     -0.02260602     -0.04865536      -0.1235718       -2.329382      1.5       -1.686947   359.7356   184.4473   356.7662
 05/17/2018 13:01:36   34.56    False     -0.02397401      0.08127264      -0.0791422       -2.328206      1.5       -1.671825   359.2314    184.327   356.8317
 05/17/2018 13:01:36   34.58    False     -0.01541094      0.07534208     -0.04768613       -2.326955      1.5       -1.655294   358.7808   184.2271   356.7055
 05/17/2018 13:01:36    34.6    False     -0.01485001       0.1038329     -0.01402567       -2.325636      1.5       -1.637456   358.4672    184.142   356.6152
 05/17/2018 13:01:36   34.62    False     -0.01485001       0.1038329     -0.01402567       -2.324259      1.5       -1.618429   358.2441   184.1062   356.5447
 05/17/2018 13:01:36   34.64    False    -0.006532968       0.1331768     0.003848747       -2.322816      1.5       -1.598339   358.3678   184.1071   356.5124
 05/17/2018 13:01:36   34.66    False      0.01183727       0.1253507     0.005208065       -2.321307      1.5       -1.577317   358.5526   184.0897   356.7058
 05/17/2018 13:01:36   34.68    False       0.0355243       0.1195639    -0.007429595       -2.319746      1.5       -1.555488   358.7821   184.0069   357.1054
 05/17/2018 13:01:36    34.7    False      0.04291211        0.129519     -0.01204496       -2.318169      1.5       -1.532971    359.319   184.0257   357.4212
 05/17/2018 13:01:36   34.72    False      0.04374321      0.07286188    -0.005899864       -2.316544      1.5       -1.509878   359.6368   184.1127   357.3857
 05/17/2018 13:01:36   34.74    False      0.04758781    -0.001022365   -0.0007140581       -2.314849      1.5       -1.486314   359.7457   184.1802   357.3007
 05/17/2018 13:01:37   34.76    False      0.05601727    -0.005911008    -0.004121805       -2.313127      1.5       -1.462752   359.6276   184.1789   357.2325
 05/17/2018 13:01:37   34.78    False      0.05558628      0.04539591    -0.006105997       -2.311427      1.5       -1.439482   359.6169   184.2147   357.2372
 05/17/2018 13:01:37    34.8    False      0.04429125      0.07754046    -0.005221894       -2.309712      1.5       -1.416214   359.6326   184.3515   357.1599
 05/17/2018 13:01:37   34.82    False      0.03991634      0.05874501     0.005787933        -2.30794      1.5       -1.392925   359.5985   184.5774   356.9424
 05/17/2018 13:01:37   34.84    False      0.03882815      0.01438751      0.01692067       -2.306072      1.5       -1.369596   359.3229   184.9053   356.7462
 05/17/2018 13:01:37   34.86    False       0.0410949      0.02264958     0.006948953       -2.304071      1.5       -1.346278   358.8643      185.2   356.5816
 05/17/2018 13:01:37   34.88    False      0.04111805       0.1050019    -0.006744911       -2.301976      1.5       -1.323259   359.4802   185.6733   355.9849
 05/17/2018 13:01:37    34.9    False      0.04352243      0.01225098      0.04002123       -2.299691      1.5       -1.300259   359.7927   185.9894   355.4362
 05/17/2018 13:01:37   34.92    False      0.04621418      -0.3117734      0.09030171       -2.297279      1.5       -1.277272   358.9831    186.365   355.2106
 05/17/2018 13:01:37   34.94    False      0.04180309       -0.403883      0.08511639       -2.294717      1.5       -1.254301   359.7107   186.5621   355.0587
 05/17/2018 13:01:37   34.96    False      0.03488402      -0.2727716      0.02972838       -2.292072      1.5       -1.231312   357.8398    186.851   355.0587
 05/17/2018 13:01:37   34.98    False      0.01421208        0.107221     -0.08043174       -2.289305      1.5       -1.208284    357.295    186.736   355.5443
 05/17/2018 13:01:37      35    False     0.000709726       0.3141797     -0.06934892       -2.286576      1.5       -1.185173   358.3586   186.4673   355.5891
 05/17/2018 13:01:37   35.02    False    -0.009054078     -0.09061046      -0.0128238       -2.283943      1.5       -1.161952   358.2083   186.4364    355.572
 05/17/2018 13:01:37   35.04    False     -0.03270481      -0.3228075      0.01073035       -2.281311      1.5       -1.138613   358.0221   186.3887   355.6932
 05/17/2018 13:01:37   35.06    False     -0.04161253     -0.05443596    -0.009485099       -2.278682      1.5       -1.115141   358.1817   186.2748   355.7448
 05/17/2018 13:01:37   35.08    False     -0.04689635      0.02145926     -0.02448488       -2.276086      1.5       -1.091524   358.1333   185.7674   356.0556
 05/17/2018 13:01:37    35.1    False      -0.0735317      0.05598658     -0.03073994       -2.273698      1.5       -1.067886   357.8732    185.599   356.4547
 05/17/2018 13:01:37   35.12    False      -0.0735317      0.05598658     -0.03073994        -2.27138      1.5        -1.04424   357.9748    185.575   356.7115
 05/17/2018 13:01:37   35.14    False      -0.0786821        0.159031     -0.05228912        -2.26907      1.5       -1.020574   358.3484   185.5535   356.8163
 05/17/2018 13:01:37   35.16    False     -0.06338491       0.1715287     -0.05958405       -2.266765      1.5      -0.9968701   358.7066   185.5433   356.7511
 05/17/2018 13:01:37   35.18    False     -0.02578586     -0.01703644     -0.04019938       -2.264459      1.5      -0.9731113   358.5005   185.5004   356.5981
 05/17/2018 13:01:37    35.2    False     -0.01863536     0.008602824     -0.03144564       -2.262171      1.5      -0.9493508   358.4594   185.3773   356.6084
 05/17/2018 13:01:37   35.22    False     -0.01354653      0.01179449     -0.03240362       -2.259962      1.5      -0.9258806   358.5102   185.1737   356.5489
 05/17/2018 13:01:37   35.24    False     -0.01392883      0.01174198     -0.03172822       -2.257889      1.5      -0.9029824   358.6967   185.0034   356.3913
 05/17/2018 13:01:37   35.26    False     -0.01392883      0.01174198     -0.03172822       -2.255957      1.5      -0.8809211   358.9344     184.84   356.1199
 05/17/2018 13:01:37   35.28    False     -0.02510211     -0.01992907      -0.0392551        -2.25418      1.5      -0.8599306    359.128   184.8055    355.964
 05/17/2018 13:01:37    35.3    False     -0.01596945     -0.03850416     -0.05136856       -2.252522      1.5      -0.8402107   359.0278   184.7744   356.0009
 05/17/2018 13:01:37   35.32    False    -0.002331721     -0.02364393     -0.06443508       -2.250994      1.5       -0.821915   358.9701   184.6768   355.9605
 05/17/2018 13:01:37   35.34    False    -0.005574418      0.02606521     -0.07049782       -2.249623      1.5      -0.8051497    358.856   184.5862   355.9068
 05/17/2018 13:01:37   35.36    False     -0.02155839      0.08051731     -0.07424445       -2.248405      1.5      -0.7899778   358.6219   184.4944   355.7982
 05/17/2018 13:01:37   35.38    False     -0.03195189       0.1446876      -0.0767156       -2.247213      1.5      -0.7748041    357.802   184.3823   355.4626
 05/17/2018 13:01:37    35.4    False     -0.03307002       0.2143309      -0.0717302        -2.24604      1.5      -0.7595032   357.6356   184.2985   355.4276
 05/17/2018 13:01:37   35.42    False     -0.02534508       0.2377266     -0.04776178       -2.244871      1.5      -0.7439556   358.6637   184.1452   355.4557
 05/17/2018 13:01:37   35.44    False    -0.005267842     -0.01815245      0.04344862       -2.243719      1.5      -0.7280484  0.6642274   183.8647   355.1644
 05/17/2018 13:01:37   35.46    False      0.01651476      -0.6253682       0.1610175       -2.242644      1.5      -0.7121359   358.7853   184.0992   355.2299
 05/17/2018 13:01:37   35.48    False      0.02783629      -0.5430159        0.093432       -2.241503      1.5      -0.6962279   355.4096   183.9575    356.413
 05/17/2018 13:01:37    35.5    False       0.0223171       0.1288018     -0.05145599       -2.240395      1.5      -0.6802012   355.6956   183.9001   356.8798
 05/17/2018 13:01:37   35.52    False      0.03208413       0.4404584      -0.0895047       -2.239287      1.5       -0.663946   358.1837   183.7962   356.6925
 05/17/2018 13:01:37   35.54    False      0.05354672       0.2484468      -0.1164739       -2.238186      1.5      -0.6473579  0.5965148   183.7706   355.9943
 05/17/2018 13:01:37   35.56    False      0.06912322     -0.08000074        -0.14484       -2.237065      1.5      -0.6303472   2.150587   183.8373   355.6459
 05/17/2018 13:01:37   35.58    False      0.06059486      -0.1622474      -0.1254702        -2.23589      1.5      -0.6128389   3.101713    183.905   355.9894
 05/17/2018 13:01:37    35.6    False      0.04421432      -0.3902845     -0.09903665       -2.234657      1.5      -0.5947732  0.5686224   184.0596   356.7137
 05/17/2018 13:01:37   35.62    False      0.04421432      -0.3902845     -0.09903665       -2.233333      1.5      -0.5761098   359.2225   184.1384   356.5187
 05/17/2018 13:01:37   35.64    False      0.02186037      -0.2159105     -0.09790041       -2.231937      1.5      -0.5568228   358.3931   184.2921   355.8705
 05/17/2018 13:01:37   35.66    False    -0.006367622     0.005709997     -0.07556912       -2.230443      1.5      -0.5369069   358.0032   184.4978   355.2385
 05/17/2018 13:01:37   35.68    False    -0.001269466        0.140008     -0.05407172       -2.228876      1.5      -0.5169966   357.6552   184.5991   354.9197
 05/17/2018 13:01:37    35.7    False      0.03811922       0.1352652      0.01134724       -2.227275      1.5       -0.497089   357.4067   184.3865   355.0731
 05/17/2018 13:01:37   35.72    False      0.02608943      0.06461148      0.05252829       -2.225742      1.5      -0.4771096   357.1685   184.3587   355.0656
 05/17/2018 13:01:37   35.74    False      0.02608943      0.06461148      0.05252829        -2.22421      1.5          -0.457   357.2061   184.3745   355.0322
 05/17/2018 13:01:38   35.76    False      0.01845543      0.06429008      0.06920563       -2.222657      1.5      -0.4367025   357.4539   184.3909   355.0862
 05/17/2018 13:01:38   35.78    False      0.02278239      0.07039723      0.07841986        -2.22108      1.5       -0.416165    357.556   184.4067   355.1246
 05/17/2018 13:01:38    35.8    False      0.02292747      0.07387471      0.07437229       -2.219475      1.5      -0.3953439   357.8871   184.5848   355.5374
 05/17/2018 13:01:38   35.82    False      0.02488362      0.07370258       0.0754973       -2.217781      1.5      -0.3742098   358.1737   184.6797   356.0071
 05/17/2018 13:01:38   35.84    False      0.02518524      0.07005511      0.05524189       -2.216023      1.5      -0.3527363    358.481   184.6724   356.3286
 05/17/2018 13:01:38   35.86    False      0.03182855      0.07937757      0.01914096       -2.214239      1.5      -0.3309065     358.86   184.4975   356.5576
 05/17/2018 13:01:38   35.88    False      0.03182855      0.07937757      0.01914096       -2.212493      1.5      -0.3087109   359.2173   184.3061   356.6933
 05/17/2018 13:01:38    35.9    False      0.02016671      0.05140232     -0.01597243       -2.210794      1.5      -0.2861539   359.2528   184.1564   356.2925
 05/17/2018 13:01:38   35.92    False     0.002364657     -0.02993664      0.01093469        -2.20913      1.5      -0.2632493   358.8807   184.2907   356.0432
 05/17/2018 13:01:38   35.94    False     -0.01087971      -0.1047971      0.03286378       -2.207412      1.5      -0.2403487   358.2498   184.5255   355.6895
 05/17/2018 13:01:38   35.96    False     -0.01356556     -0.01982696      0.03094928         -2.2056      1.5      -0.2174553   357.5122   184.8188   355.6471
 05/17/2018 13:01:38   35.98    False     0.002624442       0.1418953   -0.0003097309       -2.203671      1.5      -0.1945715   356.9038   185.0392   355.7958
 05/17/2018 13:01:38      36    False      0.01894618       0.2859968     -0.02953915       -2.201653      1.5      -0.1716952   357.3433   185.0732   356.1835
 05/17/2018 13:01:38   36.02    False      0.03412607       0.2610547      0.03206989        -2.19962      1.5      -0.1487913   358.9903   185.3127   355.8004
 05/17/2018 13:01:38   36.04    False      0.04786233      -0.2314273        0.136024       -2.197486      1.5      -0.1258393   356.9318   185.7698   355.0265
 05/17/2018 13:01:38   36.06    False       0.0248414      -0.4153192      0.09070453        -2.19516      1.5      -0.1028228   356.4368   186.0226   354.6919
 05/17/2018 13:01:38   36.08    False    -0.002351881      0.04463738      0.03959999       -2.192722      1.5     -0.07971169   356.6858   186.1508   354.5893
 05/17/2018 13:01:38    36.1    False     -0.02408991     -0.02558257     -0.02256135       -2.190232      1.5     -0.05660609   356.9183   186.1082   354.9544
 05/17/2018 13:01:38   36.12    False     -0.02408991     -0.02558257     -0.02256135        -2.18779      1.5      -0.0337857   357.2115   186.2108     355.17
 05/17/2018 13:01:38   36.14    False     -0.03873374      -0.0307756     -0.01694698       -2.185368      1.5     -0.01153305   357.9771   186.2746   355.6566
 05/17/2018 13:01:38   36.16    False     -0.03103191      -0.1128362    -0.008339988       -2.183012      1.5     0.009897938   358.4186   186.1172   355.9064
 05/17/2018 13:01:38   36.18    False     -0.02086357      -0.2586854     -0.01649533       -2.180714      1.5      0.03133532   358.0465   185.9587   355.9062
 05/17/2018 13:01:38    36.2    False     -0.05293684      -0.1189985     -0.04950052       -2.178471      1.5      0.05282519   357.4773   185.7388   355.6893
 05/17/2018 13:01:38   36.22    False     -0.05595986     -0.02748162     -0.06038962       -2.176302      1.5      0.07441424   357.1206   185.5424   355.6511
 05/17/2018 13:01:38   36.24    False     -0.05595986     -0.02748162     -0.06038962       -2.174206      1.5       0.0960106    356.779   185.2921   355.8582
 05/17/2018 13:01:38   36.26    False     -0.05139896      0.07094775      -0.0762632        -2.17223      1.5       0.1173475   356.7625    185.107   356.1534
 05/17/2018 13:01:38   36.28    False     -0.05424849       0.1436087     -0.07892091       -2.170322      1.5       0.1386907   357.0646   184.9904     356.43
 05/17/2018 13:01:38    36.3    False     -0.05473981       0.1515522     -0.06416413       -2.168454      1.5       0.1600856   357.3513   184.8836    356.662
 05/17/2018 13:01:38   36.32    False     -0.02863222      0.04144406     -0.02176559       -2.166618      1.5       0.1815781   357.6897    184.672   356.7383
 05/17/2018 13:01:38   36.34    False     -0.02162845     -0.01489358     0.002507417       -2.164861      1.5       0.2030772   357.6735   184.5847   356.6933
 05/17/2018 13:01:38   36.36    False     -0.02447617     -0.02654085     0.006699802       -2.163158      1.5       0.2243118   357.5846   184.5702    356.589
 05/17/2018 13:01:38   36.38    False     -0.02447617     -0.02654085     0.006699802       -2.161502      1.5       0.2450226   357.6027   184.5042    356.495
 05/17/2018 13:01:38    36.4    False     -0.03016228      0.01539801     -0.00630356       -2.159931      1.5       0.2649729   357.7314   184.4333   356.4128
 05/17/2018 13:01:38   36.42    False      -0.0302683      0.05298211     -0.01429418       -2.158459      1.5        0.283952   358.8368    184.373   356.1773
 05/17/2018 13:01:38   36.44    False     -0.02440481      0.02804148     -0.03626375       -2.157008      1.5       0.3029327    359.368   184.4355   356.0459
 05/17/2018 13:01:38   36.46    False     -0.01835345      0.01766116     -0.04101921       -2.155535      1.5       0.3219118    359.627   184.4755   355.9197
 05/17/2018 13:01:38   36.48    False     0.005196046     -0.04197328      -0.0419896       -2.154068      1.5       0.3406542   359.2198   184.3792   355.9601
 05/17/2018 13:01:38    36.5    False     0.005196046     -0.04197328      -0.0419896       -2.152668      1.5       0.3589361   358.8918   184.3213   356.0241
 05/17/2018 13:01:38   36.52    False      0.02728398      -0.0150413     -0.04918834       -2.151338      1.5       0.3765465   357.5026   183.7595   356.0154
 05/17/2018 13:01:38   36.54    False     0.002255454      0.09602862     -0.04843285       -2.150236      1.5       0.3933096   357.1698   183.5605    356.048
 05/17/2018 13:01:38   36.56    False     -0.01717421       0.2034696     -0.05679998       -2.149193      1.5       0.4100765   357.2208   183.2897   356.1535
 05/17/2018 13:01:38   36.58    False     -0.03066965       0.2560518      -0.0364493       -2.148223      1.5       0.4269535   358.1562   182.9538   356.3514
 05/17/2018 13:01:38    36.6    False     -0.03113867       0.0726138      0.03339146       -2.147341      1.5       0.4440428   359.3315   182.5952   356.5185
 05/17/2018 13:01:38   36.62    False     -0.02246582      -0.3432423       0.1077968       -2.146553      1.5       0.4614384    358.304   182.3213    356.731
 05/17/2018 13:01:38   36.64    False     -0.01963773      -0.4595972       0.1211049       -2.145832      1.5       0.4792219   356.8231    182.415    356.619
 05/17/2018 13:01:38   36.66    False     -0.01614426      -0.2047472      0.03607028       -2.145062      1.5       0.4974582   355.6069   182.5069    356.544
 05/17/2018 13:01:38   36.68    False     0.005222929       0.2328747      -0.0712087       -2.144242      1.5       0.5162021   355.7275   182.4887   356.5537
 05/17/2018 13:01:38    36.7    False      0.05731175         0.39275       -0.110059       -2.143403      1.5       0.5354934   357.5428   182.3517    356.751
 05/17/2018 13:01:38   36.72    False       0.1099389      -0.1014687     -0.09850558       -2.142588      1.5       0.5553563   359.9404   181.7301    357.409
 05/17/2018 13:01:38   36.74    False       0.1099389      -0.1014687     -0.09850558        -2.14197      1.5       0.5758034  0.3912527   181.4418   357.9627
 05/17/2018 13:01:39   36.76    False       0.0757042      -0.0803979     -0.07665738       -2.141441      1.5       0.5968223  0.5955116   181.1481   358.4336
 05/17/2018 13:01:39   36.78    False      0.05382429      -0.1179782     -0.06666447       -2.141009      1.5       0.6183926  0.1236726   180.7772   358.6145
 05/17/2018 13:01:39    36.8    False      0.02567036       -0.204521     -0.06215829       -2.140709      1.5       0.6404841   359.4327    180.496   358.4568
 05/17/2018 13:01:39   36.82    False     -0.03272433      -0.0215569     -0.03079283       -2.140514      1.5       0.6630577   358.9897   180.2643   357.5593
 05/17/2018 13:01:39   36.84    False     -0.02543256      0.03851058     -0.02054651       -2.140409      1.5       0.6856319   358.9765   180.2397   356.9821
 05/17/2018 13:01:39   36.86    False    -0.006431584      0.08228965    -0.007955799       -2.140316      1.5       0.7079257   359.0883   180.2057   356.6389
 05/17/2018 13:01:39   36.88    False    -0.006431584      0.08228965    -0.007955799       -2.140236      1.5       0.7302195   359.2858   180.1848   356.4989
 05/17/2018 13:01:39    36.9    False     0.000710393       0.0573248      0.00672739       -2.140164      1.5       0.7525508   359.2619    180.312   356.7414
 05/17/2018 13:01:39   36.92    False      0.01960258      0.05491121      0.01720574       -2.140042      1.5       0.7749551   359.2617   180.3867   356.9582
 05/17/2018 13:01:39   36.94    False      0.02254299      0.04286524     0.005817379        -2.13989      1.5       0.7974658   359.3881   180.4916   357.1365
 05/17/2018 13:01:39   36.96    False      0.01781062      0.04935448     -0.02129318       -2.139697      1.5       0.8199762    359.577   180.6098   357.3311
 05/17/2018 13:01:39   36.98    False      0.01983701      0.04920131     -0.01911366       -2.139457      1.5       0.8424861  0.1340358    180.752   357.6596
 05/17/2018 13:01:39      37    False      0.01983701      0.04920131     -0.01911366       -2.139162      1.5       0.8650301  0.7454994   180.8186   357.8498
 05/17/2018 13:01:39   37.02    False       0.0146967      0.07484204     -0.05825249       -2.138839      1.5       0.8876416   1.540694   180.8345   358.0285
 05/17/2018 13:01:39   37.04    False      0.01845776    -0.008676635     -0.04511735       -2.138508      1.5       0.9103519   1.578111   180.8131   357.9319
 05/17/2018 13:01:39   37.06    False      0.01437222     -0.07819445     -0.03021396       -2.138186      1.5       0.9330624   1.301114    180.833   357.7906
 05/17/2018 13:01:39   37.08    False     0.006099863     -0.06752142     -0.01684026       -2.137855      1.5       0.9557727   1.209821   180.8469   357.7221
 05/17/2018 13:01:39    37.1    False     0.002553417    -0.003965567      -0.0108276       -2.137519      1.5       0.9785151   1.197383   180.8989   357.6678
 05/17/2018 13:01:39   37.12    False    0.0004583247      0.03934361    -0.006250777       -2.137162      1.5        1.001257   1.046257   181.1047   357.4666
 05/17/2018 13:01:39   37.14    False    -0.001374201      0.08281596     0.003046562       -2.136729      1.5        1.023715  0.4761217   181.7935   356.7613
 05/17/2018 13:01:39   37.16    False     0.001927854        0.114554     0.005129627       -2.136026      1.5        1.046167 0.03533883   182.0858   356.5541
 05/17/2018 13:01:39   37.18    False     0.009794122       0.1789037     -0.01515677       -2.135207      1.5        1.068649     359.75   182.3316   356.5367
 05/17/2018 13:01:39    37.2    False      0.01325443       0.2095881      -0.0124547       -2.134289      1.5        1.091197  0.9395608   182.4831   356.5929
 05/17/2018 13:01:39   37.22    False      0.01739644      -0.1205695       0.0442959       -2.133307      1.5        1.113843   1.409694   182.7539   356.3565
 05/17/2018 13:01:39   37.24    False      0.01764767      -0.3757122      0.04484774       -2.132212      1.5        1.136613  0.4283321   183.2327   355.8114
 05/17/2018 13:01:39   37.26    False      0.02965027      -0.2490953      0.05285833       -2.130918      1.5        1.159524    359.387   183.3405   355.4484
 05/17/2018 13:01:39   37.28    False      0.03972343        -0.24866      0.02487614       -2.129571      1.5        1.182602   358.0465   183.2192   355.5418
 05/17/2018 13:01:39    37.3    False       0.0101804       0.1345581     -0.07633503       -2.128262      1.5        1.205866   357.9347   183.0096    355.899
 05/17/2018 13:01:39   37.32    False     -0.02380362       0.4197029     -0.09306455       -2.127029      1.5        1.229324   359.1406   182.8741   356.1165
 05/17/2018 13:01:39   37.34    False     -0.07158966      -0.1662879    -0.005006078       -2.125841      1.5        1.252977  0.3895322   182.9922   356.9148
 05/17/2018 13:01:39   37.36    False     -0.07158966      -0.1662879    -0.005006078       -2.124595      1.5        1.276818   359.9626   183.1897   357.4212
 05/17/2018 13:01:39   37.38    False     -0.05338893      -0.1921059    -0.001283313       -2.123257      1.5        1.300837  0.2251309   183.2187   357.6109
 05/17/2018 13:01:39    37.4    False     -0.02337227     -0.09941536     -0.01931413       -2.121896      1.5        1.325028  0.1279463   183.1492   357.4198
 05/17/2018 13:01:39   37.42    False    0.0005254719     -0.07865454     -0.02925531       -2.120556      1.5        1.349382   359.9623   183.0708   357.2722
 05/17/2018 13:01:39   37.44    False     0.001170317    -0.009473678     -0.02293064       -2.119242      1.5        1.373883   359.8957   182.9345   357.2579
 05/17/2018 13:01:39   37.46    False    -0.005199796      0.03323499     -0.02494407       -2.117986      1.5        1.398387  0.0790557   182.7942   357.2532
 05/17/2018 13:01:39   37.48    False     -0.00980847      0.04019161     -0.02853875       -2.116804      1.5        1.422589  0.5493528   182.6575   357.2859
 05/17/2018 13:01:39    37.5    False     -0.00980847      0.04019161     -0.02853875       -2.115709      1.5        1.446197    1.10377   182.5731   357.4405
 05/17/2018 13:01:39   37.52    False     -0.01747847     -0.01040259     -0.02736427       -2.114687      1.5        1.468937   1.145889   182.5816   357.6416
 05/17/2018 13:01:39   37.54    False     -0.01493739     -0.02302252     -0.04277156       -2.113711      1.5        1.490569  0.9895097   182.5706   357.7525
 05/17/2018 13:01:39   37.56    False     -0.01272791     -0.02286994     -0.04051286       -2.112799      1.5        1.510889  0.9962292   182.5518   357.6668
 05/17/2018 13:01:39   37.58    False    -0.001808535     0.009959236      -0.0605714       -2.111959      1.5        1.529742   1.139337   182.4628   357.5377
 05/17/2018 13:01:39    37.6    False     -0.00216628      0.04182896     -0.07126983       -2.111216      1.5        1.547016   1.386717   182.3626   357.3091
 05/17/2018 13:01:39   37.62    False    -0.007053498      0.06561556     -0.07933401       -2.110571      1.5        1.562648   1.608229   182.2785   357.1728
 05/17/2018 13:01:39   37.64    False    -0.007689138      0.05251153     -0.08218408       -2.109949      1.5        1.578281   1.623452    182.192   357.1501
 05/17/2018 13:01:39   37.66    False    -0.008737081      0.03449678     -0.08060471       -2.109346      1.5        1.594034   1.595862   182.1461   357.1236
 05/17/2018 13:01:39   37.68    False    -0.008737518      0.02730259     -0.07336534       -2.108756      1.5        1.609788   1.487549   181.9896   357.0172
 05/17/2018 13:01:39    37.7    False     -0.01022714      0.06337555     -0.06945756       -2.108215      1.5        1.625347    1.37448   181.8207    356.963
 05/17/2018 13:01:39   37.72    False     -0.01544023       0.1105448     -0.05991892        -2.10772      1.5        1.640909     1.0308    181.519   356.8576
 05/17/2018 13:01:39   37.74    False     -0.02202853       0.1578232     -0.05984586       -2.107305      1.5        1.656593  0.5334825   181.0329   356.6459
 05/17/2018 13:01:40   37.76    False     -0.03052555       0.2274267     -0.05859952       -2.107018      1.5        1.672518   1.415102   180.7549   356.6736
 05/17/2018 13:01:40   37.78    False     -0.03182288       0.1775109    -0.006882552       -2.106803      1.5        1.688788   3.215366   180.3771   356.9052
 05/17/2018 13:01:40    37.8    False      -0.0187618      -0.2731181      0.08898815       -2.106693      1.5          1.7055   1.876584    180.259   357.4589
 05/17/2018 13:01:40   37.82    False    -0.006003741      -0.5140615       0.0910913       -2.106615      1.5        1.722733  0.2580207   180.1447   358.0855
 05/17/2018 13:01:40   37.84    False    -0.005978402     -0.08619658      0.02696726        -2.10657      1.5        1.740549  0.1116298   180.1425   358.0204
 05/17/2018 13:01:40   37.86    False       0.0397546      0.09582371     -0.03638729       -2.106524      1.5        1.758991  0.8558998    180.246   357.2976
 05/17/2018 13:01:40   37.88    False       0.0397546      0.09582371     -0.03638729       -2.106442      1.5        1.778086   1.573909   179.9166   357.2392
 05/17/2018 13:01:40    37.9    False      0.05958234     -0.03345273      -0.0198341       -2.106471      1.5        1.797842   2.277752   179.7824   357.2934
 05/17/2018 13:01:40   37.92    False      0.03925169      -0.1397775     -0.01126271       -2.106546      1.5        1.817597   3.180763   179.7979   357.2642
 05/17/2018 13:01:40   37.94    False      0.02421293      -0.1010889     -0.05306727       -2.106616      1.5        1.837352   3.983783   179.8013   357.3538
 05/17/2018 13:01:40   37.96    False      0.02981368     -0.03929839      -0.1484253       -2.106685      1.5        1.857176   5.317622   179.4943   357.9621
 05/17/2018 13:01:40   37.98    False      0.02221243      -0.1405685      -0.1327046        -2.10686      1.5           1.877   4.946407   179.2627   358.2938
 05/17/2018 13:01:40      38    False      0.02221243      -0.1405685      -0.1327046       -2.107115      1.5        1.896822   4.288836   179.0583   358.4765
 05/17/2018 13:01:40   38.02    False     0.008754678        -0.10851      -0.1002999       -2.107442      1.5        1.916712   3.667811   178.9263   358.3992
 05/17/2018 13:01:40   38.04    False     0.005305619     -0.03055854     -0.07254782       -2.107817      1.5        1.936734   3.250908   178.7819   358.1382
 05/17/2018 13:01:40   38.06    False     0.009953575      0.03945038     -0.01230915       -2.108243      1.5        1.956756   2.325138    178.605   357.7608
 05/17/2018 13:01:40   38.08    False      0.00961951      0.04915366      0.01674055       -2.108724      1.5        1.976527   1.808847   178.5444   357.6843
 05/17/2018 13:01:40    38.1    False      0.02440407      0.08120564       0.0174368       -2.109226      1.5        1.996298   1.392528   178.5345   357.6905
 05/17/2018 13:01:40   38.12    False      0.03008485       0.1095027      0.01710755       -2.109734      1.5        2.016137   1.108365    178.483   357.6977
 05/17/2018 13:01:40   38.14    False      0.03008485       0.1095027      0.01710755       -2.110263      1.5         2.03611   1.069658   178.4922   357.7733
 05/17/2018 13:01:40   38.16    False      0.02599061       0.1121356     0.005279404       -2.110794      1.5        2.056279   1.586536    178.613   357.8758
 05/17/2018 13:01:40   38.18    False      0.02074426       0.1285004    -0.001692488       -2.111289      1.5        2.076699    1.80253   178.7009    358.041
 05/17/2018 13:01:40    38.2    False      0.01898452       0.1159506    -0.006706845       -2.111758      1.5        2.097415    2.15176   178.8705   358.1684
 05/17/2018 13:01:40   38.22    False      0.01700744      0.06568606    -0.001797092       -2.112173      1.5        2.118464   2.434964   179.0929   358.1439
 05/17/2018 13:01:40   38.24    False       0.0197353      0.01084925     0.003810677       -2.112512      1.5        2.139869   2.585776   179.3968   358.0002
 05/17/2018 13:01:40   38.26    False      0.01890794     -0.02206502    0.0009966736       -2.112738      1.5        2.161276   2.550886    180.179   357.6956
 05/17/2018 13:01:40   38.28    False      0.02019858     -0.01743875     -0.01321361       -2.112672      1.5        2.182418   2.358381   180.5035   357.6407
 05/17/2018 13:01:40    38.3    False      0.03351203    -0.005062035     -0.02161994        -2.11249      1.5        2.203037   1.985636   180.8222   357.5464
 05/17/2018 13:01:40   38.32    False      0.04994186     -0.03696434      0.00248872       -2.112206      1.5        2.222896   1.328465   181.1074   357.2676
 05/17/2018 13:01:40   38.34    False      0.06284837     -0.06073665      0.02544544        -2.11184      1.5        2.241785  0.5649524   181.3621    356.827
 05/17/2018 13:01:40   38.36    False      0.05645694     0.006590088      0.02571936       -2.111391      1.5        2.260673   359.0732   182.1866   355.4749
 05/17/2018 13:01:40   38.38    False      0.02585885        0.167175     0.004407635       -2.110671      1.5        2.279551  0.2986413   182.6329    354.952
 05/17/2018 13:01:40    38.4    False     0.003861126       0.1920329       0.0282494       -2.109803      1.5        2.298424    2.22551    183.069   354.5193
 05/17/2018 13:01:40   38.42    False      0.01000021      -0.1977504      0.04988962       -2.108787      1.5        2.317369  0.8535309   183.6562    354.698
 05/17/2018 13:01:40   38.44    False      0.02379849      -0.3278904    -0.002248473       -2.107567      1.5        2.336458  0.5114255   183.7681   355.4908
 05/17/2018 13:01:40   38.46    False      0.03487525     0.009030423       -0.132822       -2.106295      1.5        2.355772   358.6308   183.4096   356.2388
 05/17/2018 13:01:40   38.48    False    -0.004317331        0.194374      -0.1534529       -2.105144      1.5        2.375093   358.9064   183.0462   356.3836
 05/17/2018 13:01:40    38.5    False    -0.004317331        0.194374      -0.1534529       -2.104116      1.5        2.394421 0.02041273   182.7386   356.4028
 05/17/2018 13:01:40   38.52    False     -0.03065394       0.1712296      -0.1335768       -2.103187      1.5        2.413828   1.055467   182.4088   356.5839
 05/17/2018 13:01:40   38.54    False     -0.04564693      0.01388678      -0.1025117       -2.102365      1.5        2.433385   1.624218   182.0709    356.891
 05/17/2018 13:01:40   38.56    False      -0.0699241      -0.1165718     -0.06156131       -2.101657      1.5        2.452947   1.681772   181.9956   357.1492
 05/17/2018 13:01:40   38.58    False     -0.09991974      -0.1091145     -0.01683173       -2.100976      1.5        2.472509   1.088149   182.3091   357.0218
 05/17/2018 13:01:40    38.6    False     -0.08045793     -0.05518001     -0.01507298       -2.100184      1.5        2.492139  0.6993892   182.5283   357.2233
 05/17/2018 13:01:40   38.62    False     -0.08045793     -0.05518001     -0.01507298       -2.099311      1.5        2.511905  0.3132931   182.8773   357.4399
 05/17/2018 13:01:40   38.64    False     -0.06028659      0.02194161    -0.009552361       -2.098308      1.5        2.531868  0.2015999   183.1966   357.6467
 05/17/2018 13:01:40   38.66    False     -0.03958847      0.06290809     -0.01269537       -2.097193      1.5        2.551824  0.2578689   183.5127   357.8056
 05/17/2018 13:01:40   38.68    False      0.02179326     0.003416701     -0.02977783       -2.095968      1.5        2.571775  0.5081806    183.688   357.6241
 05/17/2018 13:01:40    38.7    False      0.03231632    -0.003185835      -0.0318445       -2.094683      1.5        2.591721   0.566958   183.6779   357.5293
 05/17/2018 13:01:40   38.72    False      0.03182942    -0.003169303     -0.03132072       -2.093416      1.5         2.61142  0.6572164   183.6929   357.4436
 05/17/2018 13:01:40   38.74    False       0.0264384    -0.009224237       -0.023932       -2.092176      1.5        2.630633  0.7309656   183.7033   357.2997
 05/17/2018 13:01:41   38.76    False       0.0264384    -0.009224237       -0.023932       -2.090979      1.5        2.649138  0.7035702   183.6729    357.203
 05/17/2018 13:01:41   38.78    False      0.01597287     -0.00360721     -0.03993355       -2.089849      1.5        2.666741  0.7886117   183.4766    356.852
 05/17/2018 13:01:41    38.8    False     0.003528851      0.03822701     -0.04791243       -2.088844      1.5        2.683281  0.9312456    183.353   356.6916
 05/17/2018 13:01:41   38.82    False     -0.01190622      0.05774948      -0.0497861       -2.087945      1.5        2.698628   1.093495   183.2335    356.537
 05/17/2018 13:01:41   38.84    False      -0.0164012      0.05621744     -0.05105895       -2.087078      1.5        2.713977   1.198838   183.1379   356.4088
 05/17/2018 13:01:41   38.86    False     -0.01834161      0.03534867     -0.04832066       -2.086229      1.5        2.729451    1.29743   183.0535   356.3121
 05/17/2018 13:01:41   38.88    False     -0.01844499    -0.001493044     -0.04015302       -2.085404      1.5        2.744926   1.081947    182.887    356.217
 05/17/2018 13:01:41    38.9    False     -0.01910689      0.01875422     -0.04218838       -2.084633      1.5        2.760211  0.9898435   182.7846   356.2192
 05/17/2018 13:01:41   38.92    False     -0.02275861      0.06225565     -0.03549439       -2.083908      1.5        2.775119  0.6201105   182.5963    356.251
 05/17/2018 13:01:41   38.94    False     -0.02569899      0.08392692     -0.03273752       -2.083232      1.5         2.79003   0.211828   182.3811   356.3504
 05/17/2018 13:01:41   38.96    False     -0.02771299        0.133875      -0.0318373       -2.082606      1.5        2.805073   359.7682   182.1406   356.5805
 05/17/2018 13:01:41   38.98    False     -0.02073203       0.1762007     0.008263879       -2.082034      1.5         2.82037   359.9932   181.3565    357.368
 05/17/2018 13:01:41      39    False     -0.02073203       0.1762007     0.008263879       -2.081663      1.5        2.836042   2.131646   180.8728   357.5147
 05/17/2018 13:01:41   39.02    False     -0.00997774      -0.3472202       0.0875346       -2.081417      1.5        2.852185   0.172936   180.7879   357.7681
 05/17/2018 13:01:41   39.04    False    -0.009965326      -0.6023942      0.09837355       -2.081188      1.5        2.868884    358.622   180.6279   358.0357
 05/17/2018 13:01:41   39.06    False     -0.01633231      -0.0927256     0.001413043       -2.080998      1.5        2.886204   357.0536   180.6778   357.8358
 05/17/2018 13:01:41   39.08    False      0.02616593       0.3029993     -0.02904349       -2.080785      1.5        2.904193   359.3712   180.8408   356.6289
 05/17/2018 13:01:41    39.1    False      0.08487802       -0.132044     -0.01410464       -2.080511      1.5        2.922876  0.6420315   180.8888   356.0097
 05/17/2018 13:01:41   39.12    False      0.08487802       -0.132044     -0.01410464        -2.08021      1.5        2.942263  0.5883406   180.9255   355.9186
 05/17/2018 13:01:41   39.14    False        0.100074       -0.209235     -0.02512825       -2.079885      1.5        2.962345   1.480054   180.9776   356.2606
 05/17/2018 13:01:41   39.16    False      0.08578138      0.02325553     -0.04646535       -2.079531      1.5        2.983096   2.466213   181.0381   356.5378
 05/17/2018 13:01:41   39.18    False       0.0790244      -0.1313151     -0.08628417       -2.079155      1.5        3.003846   2.549589   181.0895   356.7546
 05/17/2018 13:01:41    39.2    False      0.04739995     -0.07974449     -0.08197276       -2.078761      1.5        3.024596   2.038517   181.1075   356.8991
 05/17/2018 13:01:41   39.22    False      0.02578172      0.03285767     -0.08058304       -2.078359      1.5        3.045403   1.965841   181.1201   356.9859
 05/17/2018 13:01:41   39.24    False      0.02578172      0.03285767     -0.08058304       -2.077952      1.5         3.06621   1.913746   181.0901   356.9497
 05/17/2018 13:01:41   39.26    False      0.02014332      0.04397114     -0.07109816       -2.077561      1.5        3.086758    1.84294   181.0655   356.9348
 05/17/2018 13:01:41   39.28    False       0.0195605     -0.02752947     -0.01978828       -2.077188      1.5        3.106799   1.035944   180.7302   356.7636
 05/17/2018 13:01:41    39.3    False      0.01890641     -0.02737572     -0.02341608       -2.076942      1.5        3.126104  0.9877902   180.6217   356.7495
 05/17/2018 13:01:41   39.32    False     0.006305087      0.01689864     -0.02195653       -2.076743      1.5        3.144468   1.041993   180.5731   356.8278
 05/17/2018 13:01:41   39.34    False    -0.001366251      0.04716913      -0.0261029        -2.07657      1.5        3.161719   1.081631   180.4312   357.0079
 05/17/2018 13:01:41   39.36    False     -0.00385367      0.05205388     -0.02745872        -2.07644      1.5        3.178971   1.199414   180.2825   357.2202
 05/17/2018 13:01:41   39.38    False     -0.00385367      0.05205388     -0.02745872       -2.076355      1.5        3.196323   1.436416   180.1252   357.5478
 05/17/2018 13:01:41    39.4    False    -0.007743752      0.05438219     -0.04108042       -2.076316      1.5        3.213872   2.111868   179.8448   358.0387
 05/17/2018 13:01:41   39.42    False     -0.01494872       0.0397535     -0.05399632       -2.076365      1.5        3.231706   2.394663   179.8512   358.0601
 05/17/2018 13:01:41   39.44    False     -0.02527081      0.01144683     -0.06386576       -2.076411      1.5        3.249539   2.419267   179.8792   357.9393
 05/17/2018 13:01:41   39.46    False     -0.02242207     -0.02144623     -0.05513598       -2.076448      1.5        3.267152   2.289531   179.9149   357.7658
 05/17/2018 13:01:41   39.48    False     -0.01600771     -0.02985651     -0.03834676       -2.076474      1.5        3.284329   2.250758   179.9108   357.5812
 05/17/2018 13:01:41    39.5    False      -0.0128484      -0.0211365     -0.01000666       -2.076499      1.5        3.300874   1.326049   180.2065   356.6229
 05/17/2018 13:01:41   39.52    False    -0.007209011     -0.01425311      0.01731278       -2.076443      1.5        3.316612  0.4490934   180.4647   356.2039
 05/17/2018 13:01:41   39.54    False     0.001305014      0.04410845      0.02224275       -2.076323      1.5        3.331397   359.5798   180.8167   355.8161
 05/17/2018 13:01:41   39.56    False      0.01065582       0.1489896      0.02239518       -2.076127      1.5        3.345112   359.2896   181.1787   355.5187
 05/17/2018 13:01:41   39.58    False      0.01731351       0.1284568      0.06411189       -2.075845      1.5        3.358825  0.4216139   181.6101    355.031
 05/17/2018 13:01:41    39.6    False      0.03036609      -0.2759286      0.08759291       -2.075456      1.5         3.37268   359.9786   182.6651   354.4162
 05/17/2018 13:01:41   39.62    False      0.03036609      -0.2759286      0.08759291       -2.074798      1.5        3.386808  0.5636992     182.81   354.6307
 05/17/2018 13:01:41   39.64    False      0.03069995      -0.1592238      0.01815677       -2.074085      1.5        3.401344   359.4772   183.0008   355.1573
 05/17/2018 13:01:41   39.66    False        0.015408     -0.03861785     -0.07913206       -2.073295      1.5          3.4164   358.5764   182.9798   355.7904
 05/17/2018 13:01:41   39.68    False     -0.01584556       0.2275749      -0.1291555       -2.072511      1.5        3.431458   358.4875   182.9834   356.1905
 05/17/2018 13:01:41    39.7    False     -0.04259799      0.04735896     -0.07423063       -2.071727      1.5        3.446515   359.4788   182.8441   356.3248
 05/17/2018 13:01:41   39.72    False     -0.04448511     -0.04991638      -0.0517153       -2.070972      1.5          3.4617   359.5039   182.6833   356.9706
 05/17/2018 13:01:41   39.74    False     -0.04738054      -0.0591801     -0.03125836       -2.070249      1.5        3.477137   359.8804    182.418    357.442
 05/17/2018 13:01:42   39.76    False     -0.04738054      -0.0591801     -0.03125836       -2.069582      1.5        3.492939 0.01503125   182.2246   357.5886
 05/17/2018 13:01:42   39.78    False     -0.04713704      -0.1134396     -0.01124434        -2.06895      1.5        3.509206   359.7084   182.0852     357.49
 05/17/2018 13:01:42    39.8    False     -0.05639898     -0.08691894      0.01161407       -2.068337      1.5         3.52602   359.0493   181.9537   357.4035
 05/17/2018 13:01:42   39.82    False     -0.05910232      0.04545378    -0.008382504       -2.067743      1.5        3.543447   359.0917    181.949   357.4807
 05/17/2018 13:01:42   39.84    False     -0.06377812       0.1132126     -0.02612346       -2.067127      1.5        3.561533    359.287   182.0004   357.5059
 05/17/2018 13:01:42   39.86    False      -0.0580404      0.07154378     -0.02152836       -2.066472      1.5        3.580304   359.5683   182.0929    357.529
 05/17/2018 13:01:42   39.88    False      -0.0580404      0.07154378     -0.02152836       -2.065761      1.5        3.599766   359.7647    182.269   357.4713
 05/17/2018 13:01:42    39.9    False     -0.03435973     -0.03433982     -0.01351989       -2.064962      1.5         3.61991    359.521   182.6453   357.4082
 05/17/2018 13:01:42   39.92    False    -0.009270211     -0.04707334     -0.01670621       -2.064032      1.5        3.640048   359.4734   182.8498   357.4391
 05/17/2018 13:01:42   39.94    False    0.0007707793     0.002854415     -0.02341405        -2.06303      1.5        3.660183   359.4522   183.0038   357.5791
 05/17/2018 13:01:42   39.96    False      0.01724468      0.02372319     -0.03186394       -2.061973      1.5        3.680315    359.507    183.086   357.6458
 05/17/2018 13:01:42   39.98    False      0.02521978      0.03897212     -0.04440389       -2.060901      1.5        3.700196    359.551   183.0823   357.6008
 05/17/2018 13:01:42      40    False      0.03063884      0.03880184     -0.05394982       -2.059857      1.5        3.719585   359.8746   183.0953   357.3273
 05/17/2018 13:01:42   40.02    False      0.03401713      0.02144049     -0.05946586       -2.058847      1.5        3.738261 0.07260076   182.9601   357.1032
 05/17/2018 13:01:42   40.04    False      0.03230953      0.02756895     -0.06630919       -2.057929      1.5        3.756028  0.3597575   182.6439   356.8269
 05/17/2018 13:01:42   40.06    False      0.02556349      0.02653987      -0.0681081       -2.057158      1.5        3.772724  0.4890535   182.3549   356.7029
 05/17/2018 13:01:42   40.08    False       0.0134531     0.001445976     -0.05882676        -2.05652      1.5        3.788216  0.4107279   182.0638   356.5622
 05/17/2018 13:01:42    40.1    False    -0.002582939    -0.006682182     -0.04723909       -2.056009      1.5        3.802413  0.1390257   181.7492   356.4924
 05/17/2018 13:01:42   40.12    False     -0.01405486      0.04122603     -0.04534816       -2.055616      1.5        3.815261   359.6547   181.0986   356.4998
 05/17/2018 13:01:42   40.14    False     -0.01926056        0.118738     -0.05066558       -2.055396      1.5        3.826746   359.4357   180.6976   356.6196
 05/17/2018 13:01:42   40.16    False     -0.02593728       0.1791343     -0.06028632       -2.055256      1.5        3.838232   358.9555   180.2621   356.8651
 05/17/2018 13:01:42   40.18    False     -0.03400114       0.2187617     -0.07655366       -2.055203      1.5         3.84989   358.4361   179.8786   357.1368
 05/17/2018 13:01:42    40.2    False     -0.03705619        0.216185     -0.03315723       -2.055228      1.5        3.861885    359.826   179.5213   357.1399
 05/17/2018 13:01:42   40.22    False      0.01579346      -0.6522458       0.1275993       -2.055332      1.5        3.874369   358.6222   179.3687    357.192
 05/17/2018 13:01:42   40.24    False      0.01808772      -0.1661955      0.03126249       -2.055477      1.5        3.887478   357.2826   179.2323   357.6932
 05/17/2018 13:01:42   40.26    False      0.01808772      -0.1661955      0.03126249       -2.055662      1.5        3.901325    356.279   179.2485   357.7356
 05/17/2018 13:01:42   40.28    False      0.01596455       0.2555984      -0.0335484       -2.055855      1.5           3.916   356.7732   179.2748   357.4205
 05/17/2018 13:01:42    40.3    False      0.04291871       0.2261736     -0.03843838       -2.056052      1.5        3.931565   358.8073   179.3718   356.6355
 05/17/2018 13:01:42   40.32    False      0.08910612      -0.1564167     -0.04305651       -2.056232      1.5        3.948056  0.4341465   179.7403   355.6944
 05/17/2018 13:01:42   40.34    False      0.09807386      -0.0329235      -0.0643333       -2.056311      1.5        3.965485    1.45531    179.922   355.7401
 05/17/2018 13:01:42   40.36    False       0.1158992     -0.03300996     -0.09954022       -2.056335      1.5        3.982914   1.882042   180.0184   355.9655
 05/17/2018 13:01:42   40.38    False       0.1158992     -0.03300996     -0.09954022        -2.05633      1.5        4.000127   1.737421   179.9909   356.4256
 05/17/2018 13:01:42    40.4    False       0.1082261     -0.07737077      -0.1217374       -2.056332      1.5        4.016915   1.407851   179.9948   356.9477
 05/17/2018 13:01:42   40.42    False       0.0355888      0.02839419      -0.1145084       -2.056334      1.5        4.033703   1.161527   180.0664   357.1422
 05/17/2018 13:01:42   40.44    False      0.03593041      0.03121428      -0.1036668       -2.056314      1.5        4.050491   1.132888   180.0455   356.9807
 05/17/2018 13:01:42   40.46    False      0.03764401      0.03110556      -0.1023824       -2.056301      1.5         4.06707   1.088912   179.9952   356.9599
 05/17/2018 13:01:42   40.48    False      0.05218432      0.01355643     -0.08138973       -2.056303      1.5         4.08324  0.8625199   179.8423   357.0663
 05/17/2018 13:01:42    40.5    False      0.05064278     -0.01996418     -0.05809784       -2.056345      1.5        4.098815  0.3442988    179.505   357.2307
 05/17/2018 13:01:42   40.52    False      0.03836239     -0.04548762     -0.02379533       -2.056473      1.5         4.11363   359.6622   178.9169   357.5888
 05/17/2018 13:01:42   40.54    False      0.01916456     -0.02902659    -0.005581884       -2.056754      1.5        4.128442   359.6864   178.7292   357.7141
 05/17/2018 13:01:42   40.56    False     -0.00301557      0.01232625     -0.00880329       -2.057082      1.5        4.143254   359.9853   178.6526   357.7062
 05/17/2018 13:01:42   40.58    False     -0.01916644      0.05590752     -0.01135338       -2.057426      1.5        4.157881  0.3748965   178.6137   357.7165
 05/17/2018 13:01:42    40.6    False     -0.03187861      0.04417847    -0.008787758        -2.05778      1.5        4.172508  0.7039871   178.5795   357.7519
 05/17/2018 13:01:42   40.62    False     -0.02881855    -2.54789E-05    -0.005635339       -2.058143      1.5        4.187134  0.8258731   178.6995   357.8476
 05/17/2018 13:01:42   40.64    False     -0.02381407     -0.02174537     -0.00617702       -2.058471      1.5         4.20158  0.8018134   178.7572   357.8936
 05/17/2018 13:01:42   40.66    False     -0.01619914    -0.007208195     -0.01644048       -2.058776      1.5         4.21567  0.7847608   178.8197   357.8872
 05/17/2018 13:01:42   40.68    False    -0.006062504      0.02245868     -0.02628295       -2.059056      1.5        4.229241  0.7613686   178.9281   357.8607
 05/17/2018 13:01:42    40.7    False     0.001296783      0.04783557     -0.03392062       -2.059298      1.5        4.242151  0.7405272   179.1031   357.7451
 05/17/2018 13:01:42   40.72    False     0.001577935      0.08340256     -0.02326763         -2.0595      1.5        4.255061  0.1847519   179.8681   357.2516
 05/17/2018 13:01:42   40.74    False     0.001577935      0.08340256     -0.02326763        -2.05953      1.5        4.268127   359.7253   180.1656   357.1321
 05/17/2018 13:01:43   40.76    False     0.004685197       0.1554609     -0.02275489       -2.059491      1.5        4.281495    359.274   180.4469   357.0957
 05/17/2018 13:01:43   40.78    False     0.007072462       0.2538294     -0.02777039       -2.059383      1.5        4.295301   359.3709   180.7033   357.1001
 05/17/2018 13:01:43    40.8    False      0.01156717       0.2395405      0.03337336       -2.059207      1.5        4.309668    1.39249   180.9795    356.689
 05/17/2018 13:01:43   40.82    False      0.04846048      -0.4807477       0.0975091        -2.05895      1.5        4.324696  0.9849766   181.4316   355.7373
 05/17/2018 13:01:43   40.84    False      0.02757337      -0.1415685    0.0006792297       -2.058556      1.5        4.340463   1.612527    181.265   356.0198
 05/17/2018 13:01:43   40.86    False    -0.009146674       0.1308218       -0.113485        -2.05819      1.5        4.357029   1.887575   181.0679   356.3429
 05/17/2018 13:01:43   40.88    False    -0.009146674       0.1308218       -0.113485       -2.057866      1.5        4.374427   2.911235   180.8679   356.4044
 05/17/2018 13:01:43    40.9    False     -0.03618755       0.2232506      -0.1452478        -2.05759      1.5        4.392666   3.682628   180.7546   356.0334
 05/17/2018 13:01:43   40.92    False      -0.0413268      0.08587459      -0.1029205       -2.057338      1.5        4.411736   3.841698   180.6456   355.5993
 05/17/2018 13:01:43   40.94    False     -0.05688516     -0.04096745    -0.008833132       -2.057115      1.5        4.431605   2.923792   180.7479   355.8601
 05/17/2018 13:01:43   40.96    False     -0.06178593     -0.02296651      0.01213673       -2.056855      1.5        4.451475   2.837968   180.8003   355.7826
 05/17/2018 13:01:43   40.98    False     -0.04241486     -0.04927571       0.0200069       -2.056581      1.5        4.471097   2.689318    181.001   355.5791
 05/17/2018 13:01:43      41    False     -0.04241486     -0.04927571       0.0200069       -2.056238      1.5        4.490718   2.389533   181.2981    355.334
 05/17/2018 13:01:43   41.02    False     -0.02572377     -0.05521327     0.004991368       -2.055792      1.5        4.510408   2.214898   181.4243   355.3806
 05/17/2018 13:01:43   41.04    False     -0.01823819      0.04548451     -0.04221984       -2.055299      1.5        4.530235   2.858125   181.5478   355.9589
 05/17/2018 13:01:43   41.06    False     -0.01979516      0.08840391     -0.07232755       -2.054758      1.5        4.550262   3.495124    181.653   356.2723
 05/17/2018 13:01:43   41.08    False     -0.02149253     0.001087035     -0.07445321       -2.054173      1.5        4.570545   3.584264   181.8057    356.313
 05/17/2018 13:01:43    41.1    False     -0.01928999      -0.1115158      -0.0505154       -2.053533      1.5        4.590826    3.16541   181.7962   356.2379
 05/17/2018 13:01:43   41.12    False    -0.009690674      -0.1451118     -0.04034618       -2.052897      1.5        4.611107   2.745872   181.9255   356.4092
 05/17/2018 13:01:43   41.14    False     0.008633725      -0.1035995     -0.04378607       -2.052213      1.5        4.631449   1.635251   181.8592   356.8387
 05/17/2018 13:01:43   41.16    False      0.01334406     -0.02142912     -0.04659416       -2.051549      1.5        4.651914   1.379171   181.7879    356.935
 05/17/2018 13:01:43   41.18    False     0.003538376       0.0496577     -0.04230445        -2.05091      1.5        4.672379   1.357444   181.7494   356.8694
 05/17/2018 13:01:43    41.2    False     -0.01910486      0.08343688     -0.03352992       -2.050285      1.5        4.692845   1.617595    181.771   356.7335
 05/17/2018 13:01:43   41.22    False     -0.03141143       0.0800514     -0.02759725        -2.04965      1.5         4.71337   1.722028   181.7922   356.6854
 05/17/2018 13:01:43   41.24    False     -0.03334876        0.055039     -0.02266537       -2.049005      1.5        4.734013   1.908924    181.953   356.6324
 05/17/2018 13:01:43   41.26    False     -0.03068216      0.03944562     -0.02130275       -2.048295      1.5        4.754825   2.045212   182.0817   356.6768
 05/17/2018 13:01:43   41.28    False     -0.02291731      0.03640575     -0.02948177       -2.047538      1.5        4.775635    2.21799   182.2379   356.7649
 05/17/2018 13:01:43    41.3    False    -0.003250462     0.009508396     -0.04362624       -2.046735      1.5        4.796185   2.237537   182.2762   356.8058
 05/17/2018 13:01:43   41.32    False      0.01713627     -0.04029498     -0.05053713       -2.045939      1.5        4.816227   2.200093   182.3069   356.8199
 05/17/2018 13:01:43   41.34    False      0.03362399     -0.03344942     -0.05095677       -2.045161      1.5        4.835531   2.105579   182.3626   356.8483
 05/17/2018 13:01:43   41.36    False      0.03262288     -0.01382357     -0.05095597       -2.044403      1.5        4.853892   2.027283   182.3776   356.8643
 05/17/2018 13:01:43   41.38    False      0.03262288     -0.01382357     -0.05095597       -2.043687      1.5        4.871141   1.961716   182.3751   356.9066
 05/17/2018 13:01:43    41.4    False       0.0280395      0.01195184     -0.05180724       -2.043023      1.5        4.887144   1.934785   182.3589   356.9514
 05/17/2018 13:01:43   41.42    False      0.02054306       0.0381319      -0.0550248       -2.042419      1.5        4.901805   1.930077   182.3267   357.0231
 05/17/2018 13:01:43   41.44    False     0.003310361      0.01841774     -0.05694702        -2.04188      1.5        4.915072   1.936436   182.2753    357.152
 05/17/2018 13:01:43   41.46    False    -0.002025642      0.01580859     -0.05660042       -2.041409      1.5        4.926928   1.923033   182.2572   357.1852
 05/17/2018 13:01:43   41.48    False    -0.005365158      0.01899578     -0.05249518       -2.040997      1.5        4.937391    1.92178   182.2466   357.2153
 05/17/2018 13:01:43    41.5    False    -0.005365158      0.01899578     -0.05249518       -2.040639      1.5        4.946509   1.932082   182.2495   357.2173
 05/17/2018 13:01:43   41.52    False    -0.007252127    0.0008231046      -0.0452125       -2.040331      1.5        4.954358   1.945629   182.2663   357.2155
 05/17/2018 13:01:43   41.54    False     -0.00263462     -0.01617006     -0.03820096       -2.040067      1.5        4.958606   1.924455   182.3581   357.1798
 05/17/2018 13:01:43   41.56    False     0.006114293    -0.003590677      -0.0374358       -2.039836      1.5        4.959241   1.901339   182.4018   357.1685
 05/17/2018 13:01:43   41.58    False       0.0144224     0.001443059      -0.0386848       -2.039642      1.5        4.959177    1.88838   182.4555   357.1714
 05/17/2018 13:01:43    41.6    False        0.021881     0.002876296     -0.03700567       -2.039479      1.5        4.958996   1.875017   182.4747   357.1874
 05/17/2018 13:01:43   41.62    False      0.02209166     0.002872698      -0.0374101       -2.039346      1.5        4.958814   1.858454   182.4869   357.2223
 05/17/2018 13:01:43   41.64    False      0.02209166     0.002872698      -0.0374101       -2.039239      1.5        4.958654     1.8455   182.4962   357.2323
 05/17/2018 13:01:43   41.66    False      0.01465016     -0.02996941     -0.02208121       -2.039155      1.5        4.958518   1.667059   182.4776   357.2512
 05/17/2018 13:01:43   41.68    False      0.01392659     -0.02697195     -0.01738382       -2.039089      1.5        4.958405   1.531663   182.4336   357.2738
 05/17/2018 13:01:43    41.7    False      0.01558004     -0.01100202     -0.01851715        -2.03904      1.5        4.958313   1.462472   182.3836   357.2945
 05/17/2018 13:01:43   41.72    False      0.01230187      0.01590428     -0.01892674       -2.039003      1.5        4.958239   1.433057   182.3103   357.2927
 05/17/2018 13:01:43   41.74    False     0.008403393      0.01935619      -0.0184481       -2.038977      1.5         4.95818   1.406267   182.2454   357.2854
 05/17/2018 13:01:44   41.76    False     0.004223609    -0.000182534     -0.01874173       -2.038958      1.5        4.958134   1.265737   182.0683    357.291
 05/17/2018 13:01:44   41.78    False     0.001050958    -0.007523375     -0.01314662       -2.038945      1.5        4.958098   1.205777   181.9813   357.3097
 05/17/2018 13:01:44    41.8    False    -0.002737084      0.00100136     -0.01294023       -2.038936      1.5        4.958072   1.201925   181.9258   357.3361
 05/17/2018 13:01:44   41.82    False    -0.005933399      0.01929502     -0.01348821       -2.038929      1.5        4.958051   1.213961   181.8624   357.3509
 05/17/2018 13:01:44   41.84    False    -0.006340107      0.02457498     -0.01528145       -2.038925      1.5        4.958036   1.244521    181.793   357.3691
 05/17/2018 13:01:44   41.86    False    -0.004217653    -0.005884557     -0.01678348       -2.038922      1.5        4.958025   1.301235   181.6469   357.3764
 05/17/2018 13:01:44   41.88    False    -0.004217653    -0.005884557     -0.01678348        -2.03892      1.5        4.958018   1.301208   181.5457   357.3874
 05/17/2018 13:01:44    41.9    False    -0.002858388     -0.01388376     -0.01479533       -2.038919      1.5        4.958012   1.291824   181.4745   357.3838
 05/17/2018 13:01:44   41.92    False    -0.002366297      -0.0156846     -0.01303113       -2.038918      1.5        4.958008   1.275467   181.4039   357.3701
 