 05/17/2018 15:43:34   20.22    False      0.03570598      0.01906561      0.01820533       -2.561094      1.5      -0.7972666   4.323429   187.6107   358.7534
 05/17/2018 15:43:34   20.24    False      0.04000479      0.02259123      0.02426985       -2.561094      1.5      -0.7972666   3.926316   187.4585   358.6002
 05/17/2018 15:43:34   20.26    False      0.04000479      0.02259123      0.02426985       -2.561094      1.5      -0.7972666   3.677906   187.3643   358.5403
 05/17/2018 15:43:34   20.28    False      0.03799405      0.02276977      0.01986222       -2.561094      1.5      -0.7972666    3.70644   187.3801   358.3635
 05/17/2018 15:43:34    20.3    False      0.03261653      0.03739398       0.0195432       -2.561094      1.5      -0.7972666    3.90281   187.5262   357.8862
 05/17/2018 15:43:34   20.32    False     0.002023132        0.012229      0.02853305       -2.561094      1.5      -0.7972666   3.967672   187.9615    356.961
 05/17/2018 15:43:34   20.34    False      0.00846476     -0.02882111      0.03353612       -2.561094      1.5      -0.7972666   3.837118   188.1656   356.8198
 05/17/2018 15:43:34   20.36    False     0.008628896     -0.05108646      0.04090554       -2.561094      1.5      -0.7972666   3.586825   188.3568   356.8624
 05/17/2018 15:43:34   20.38    False     0.008628896     -0.05108646      0.04090554       -2.561094      1.5      -0.7972666   3.371603   188.5562   356.9559
 05/17/2018 15:43:34    20.4    False     -0.01645034     -0.01272379      0.01040385       -2.561047      1.5      -0.7969558   2.995824   188.7763    356.932
 05/17/2018 15:43:34   20.42    False     -0.02960229       0.1045095     -0.03563961       -2.560999      1.5      -0.7966452   2.599656   189.0321   356.2661
 05/17/2018 15:43:34   20.44    False     -0.02548251      0.02926923     -0.02354166        -2.56095      1.5      -0.7963348   2.581588   189.0841   355.9938
 05/17/2018 15:43:34   20.46    False     -0.02804112     -0.06573576    -0.005456688         -2.5609      1.5      -0.7960244    2.62566   189.0232   356.1179
 05/17/2018 15:43:34   20.48    False      -0.0315013     -0.09659246     0.009579572       -2.560851      1.5       -0.795714   2.692894   188.8973   356.3279
 05/17/2018 15:43:34    20.5    False     -0.03639501      -0.0886729     0.009591028       -2.560755      1.5      -0.7950969   2.377496   188.7978   356.5119
 05/17/2018 15:43:34   20.52    False     -0.04426765     -0.05123982    -0.002016793       -2.560566      1.5      -0.7938775   2.368454   188.5378    356.495
 05/17/2018 15:43:34   20.54    False     -0.06042765      -0.0308038     -0.01171315       -2.560251      1.5      -0.7917812   2.499394   188.4894   356.2508
 05/17/2018 15:43:34   20.56    False     -0.08051799     0.005266353     -0.02224668       -2.559938      1.5      -0.7896848   2.788666   188.4242   355.8532
 05/17/2018 15:43:34   20.58    False     -0.07684087      0.03363915     -0.02908208       -2.559631      1.5       -0.787614   2.995349   188.4131   355.7818
 05/17/2018 15:43:34    20.6    False     -0.06144367     -0.02585185     -0.01552931       -2.559333      1.5      -0.7855943   2.820495   188.3983   355.8191
 05/17/2018 15:43:34   20.62    False     -0.06042405     -0.07070706      0.02529848       -2.559045      1.5      -0.7836488   1.661265   188.4123   355.5811
 05/17/2018 15:43:34   20.64    False     -0.06042405     -0.07070706      0.02529848       -2.558758      1.5      -0.7817035   1.229991   188.4592    355.453
 05/17/2018 15:43:34   20.66    False     -0.06145253      0.01435162       0.0193273       -2.558426      1.5      -0.7794716   1.086231   188.4883   355.3652
 05/17/2018 15:43:34   20.68    False     -0.06126683      0.09719024      0.00965636       -2.558093      1.5        -0.77724   1.270102   188.4597   355.3701
 05/17/2018 15:43:34    20.7    False     -0.06338469       0.1514336    -0.003589957       -2.557761      1.5      -0.7750081   1.499306   188.4522   355.4301
 05/17/2018 15:43:34   20.72    False     -0.06315894       0.1754795     -0.02296912       -2.557387      1.5      -0.7724931   1.541906   188.4304   355.4525
 05/17/2018 15:43:34   20.74    False     -0.06575855       0.1294224     -0.07091916       -2.556932      1.5      -0.7694222   1.518957   188.1764   355.5776
 05/17/2018 15:43:34   20.76    False     -0.06575855       0.1294224     -0.07091916       -2.556374      1.5      -0.7655406   1.273888    187.865   355.7993
 05/17/2018 15:43:34   20.78    False     -0.07047656       0.1802164     -0.08992907       -2.555695      1.5      -0.7606232   1.171903   187.4822     356.08
 05/17/2018 15:43:34    20.8    False     -0.06855094       0.1850331     -0.07658517       -2.554888      1.5      -0.7544798   1.466061    187.153   356.3568
 05/17/2018 15:43:34   20.82    False     -0.04689449      -0.1151889      0.07892335       -2.553945      1.5      -0.7469623   2.510398   186.9175   356.3149
 05/17/2018 15:43:34   20.84    False     -0.03971163      -0.6161295        0.146421       -2.552853      1.5      -0.7379669  0.6057333   186.8508   356.5086
 05/17/2018 15:43:34   20.86    False     0.006112666      -0.4195667       0.1520989       -2.551588      1.5      -0.7274359   358.5446   186.6917   357.0988
 05/17/2018 15:43:34   20.88    False     0.006112666      -0.4195667       0.1520989        -2.55017      1.5      -0.7153488   357.3514   186.5136   357.7598
 05/17/2018 15:43:34    20.9    False     0.001010501       0.1410556     -0.03517918       -2.548614      1.5      -0.7017244   358.8242   186.5124   357.9664
 05/17/2018 15:43:34   20.92    False      0.04740516       0.5063171     -0.03309548        -2.54689      1.5      -0.6866211  0.9786404   186.4684   357.5302
 05/17/2018 15:43:34   20.94    False      0.07672969      -0.2335644     -0.04227766       -2.545019      1.5      -0.6701187   2.400222   186.4584   358.2106
 05/17/2018 15:43:34   20.96    False      0.06104068      -0.1776163     -0.03970858       -2.543004      1.5      -0.6523206   3.143588   186.6084   358.6595
 05/17/2018 15:43:34   20.98    False      0.08027503      -0.1342074     -0.06691677       -2.540806      1.5      -0.6333497   3.222807   186.6076   358.2387
 05/17/2018 15:43:34      21    False        0.106497      -0.2954451     -0.08584888       -2.538487      1.5      -0.6133253   2.647336   186.5532   357.8963
 05/17/2018 15:43:34   21.02    False        0.106497      -0.2954451     -0.08584888        -2.53608      1.5      -0.5923728   1.866374   186.5169   357.9198
 05/17/2018 15:43:34   21.04    False      0.06894285     -0.07966426     -0.06886449       -2.533595      1.5      -0.5706182  0.6576972   186.3069   357.9774
 05/17/2018 15:43:35   21.06    False      0.05409237      0.03934312     -0.05323094       -2.531114      1.5      -0.5481728  0.2085626   186.2902   357.8021
 05/17/2018 15:43:35   21.08    False      0.03642744      0.07869411     -0.01143358        -2.52864      1.5      -0.5257268   359.7437   186.3502   357.5511
 05/17/2018 15:43:35    21.1    False      0.02189934       0.1005514      0.02159986       -2.526142      1.5      -0.5032834   359.3445   186.4605   357.3874
 05/17/2018 15:43:35   21.12    False       0.0222792       0.1369317      0.03800822       -2.523597      1.5      -0.4808112   359.1665   186.5552    357.251
 05/17/2018 15:43:35   21.14    False      0.03575137       0.1696201      0.04067716       -2.521008      1.5      -0.4582775   359.4998    186.605   357.3853
 05/17/2018 15:43:35   21.16    False      0.05225526       0.1707004      0.03923816       -2.518388      1.5      -0.4356503   359.6258   186.5837   357.4245
 05/17/2018 15:43:35   21.18    False      0.05748322       0.1351802       0.0255385       -2.515762      1.5      -0.4128999   359.6831   186.6194   357.4561
 05/17/2018 15:43:35    21.2    False       0.0570452       0.1185792     0.008984218       -2.513106      1.5      -0.3900069   359.8125   186.6314   357.4693
 05/17/2018 15:43:35   21.22    False       0.0585227      0.08719658     0.001356697       -2.510425      1.5      -0.3669526   359.9446   186.6399   357.3922
 05/17/2018 15:43:35   21.24    False      0.02393093      0.03366414    -0.007740133       -2.507721      1.5      -0.3437248   359.6194   186.5774   357.1522
 05/17/2018 15:43:35   21.26    False      0.02393093      0.03366414    -0.007740133       -2.505043      1.5      -0.3204941   359.1972   186.6131   357.0619
 05/17/2018 15:43:35   21.28    False    -0.008339413       0.1320649     -0.03098303       -2.502383      1.5      -0.2975536   359.0587   186.7131   357.0182
 05/17/2018 15:43:35    21.3    False     -0.02252007       0.1954153     -0.02677537       -2.499684      1.5      -0.2746178  0.1743857   186.9538   356.6393
 05/17/2018 15:43:35   21.32    False     0.003193888      -0.2695577      0.07614602       -2.496884      1.5      -0.2516663  0.9405335   187.3471   355.6436
 05/17/2018 15:43:35   21.34    False     -0.01445375      -0.1115037       0.0164683       -2.493921      1.5      -0.2286812   359.4319   187.8853   355.4366
 05/17/2018 15:43:35   21.36    False     -0.03355328      0.05258777       -0.094379        -2.49073      1.5      -0.2056476   358.4828   187.8791   355.8057
 05/17/2018 15:43:35   21.38    False      -0.0587735        0.307789      -0.1283347       -2.487529      1.5      -0.1825147   357.6078   187.8298    355.956
 05/17/2018 15:43:35    21.4    False      -0.0587735        0.307789      -0.1283347       -2.484332      1.5      -0.1592622   358.0281   187.9928   355.7324
 05/17/2018 15:43:35   21.42    False     -0.07839756       0.2629965     -0.08280037        -2.48105      1.5      -0.1358881   359.4616    188.223   355.0551
 05/17/2018 15:43:35   21.44    False     -0.08054318       0.2615037     -0.08334536       -2.477653      1.5      -0.1123866  0.1108411    188.403   354.5565
 05/17/2018 15:43:35   21.46    False     -0.05594027      -0.2035814     -0.02196534       -2.474162      1.5     -0.08874965  0.8214397   188.5559   355.4806
 05/17/2018 15:43:35   21.48    False     -0.04597406     -0.04902325     -0.03667956       -2.470585      1.5     -0.06497407  0.9575278   188.4987   355.9085
 05/17/2018 15:43:35    21.5    False     -0.03707169     -0.05427317      -0.0699615        -2.46701      1.5     -0.04104887   1.112088   188.4698   356.1151
 05/17/2018 15:43:35   21.52    False     -0.03707169     -0.05427317      -0.0699615       -2.463426      1.5     -0.01698093   1.044091   188.4287   356.1032
 05/17/2018 15:43:35   21.54    False     -0.03597856      -0.1075242     -0.08242778       -2.459839      1.5     0.007222764  0.7380197   188.3524    355.879
 05/17/2018 15:43:35   21.56    False     -0.04037351     -0.08571929      -0.0814166       -2.456267      1.5      0.03155468  0.4085257     188.18   355.7749
 05/17/2018 15:43:35   21.58    False      -0.0425354     -0.02564733     -0.06695388       -2.452751      1.5      0.05600963   359.9615   188.0422     355.66
 05/17/2018 15:43:35    21.6    False     -0.05039656      0.01530358     -0.03963948       -2.449295      1.5      0.08047295   359.4667   187.9647   355.6755
 05/17/2018 15:43:35   21.62    False     -0.05901851      0.07933614     -0.03031359       -2.445914      1.5        0.104637   359.2019   187.9512   355.8041
 05/17/2018 15:43:35   21.64    False     -0.05901851      0.07933614     -0.03031359       -2.442539      1.5       0.1288018   359.3991   187.9847   355.8515
 05/17/2018 15:43:35   21.66    False     -0.06828592       0.1451841     -0.02588441       -2.439148      1.5       0.1529757   359.6218   188.0396   355.7758
 05/17/2018 15:43:35   21.68    False     -0.06347261       0.1360635     -0.03667095       -2.435731      1.5       0.1771681   359.7074   188.0036   355.7703
 05/17/2018 15:43:35    21.7    False     -0.04501364       0.1154261     -0.04467371       -2.432325      1.5       0.2013943   359.8215   187.8266   355.8558
 05/17/2018 15:43:35   21.72    False     -0.03881488      0.06260856     -0.03472583       -2.428988      1.5       0.2256713   359.7582   187.5994   355.9475
 05/17/2018 15:43:35   21.74    False     -0.04911863      0.02631095     -0.01493891       -2.425741      1.5        0.250009   359.4295   187.3085   356.1547
 05/17/2018 15:43:35   21.76    False     -0.05463875      0.04274698     0.001690898       -2.422617      1.5       0.2743629   358.2826   186.7978   356.7406
 05/17/2018 15:43:35   21.78    False     -0.04784337      0.08264782      0.03095893       -2.419747      1.5       0.2984408   358.4592    186.581   356.9709
 05/17/2018 15:43:35    21.8    False     -0.02337387     -0.08261174       0.1066336       -2.416968      1.5       0.3225293   358.7881   186.3675   356.9456
 05/17/2018 15:43:35   21.82    False    -0.006321265      -0.3810931       0.1529209       -2.414278      1.5       0.3466411    358.357   186.2057   356.9851
 05/17/2018 15:43:35   21.84    False      0.01180096      -0.3993704       0.1351193       -2.411652      1.5       0.3707858   357.5202    186.051   357.3316
 05/17/2018 15:43:35   21.86    False        0.031118       0.4167748      -0.0465209       -2.409088      1.5       0.3949746   355.2038   185.5349   358.1333
 05/17/2018 15:43:35   21.88    False      0.08050949       0.3182503      -0.0372966       -2.406737      1.5       0.4192329   356.4641    185.343   358.1569
 05/17/2018 15:43:35    21.9    False      0.08050949       0.3182503      -0.0372966       -2.404462      1.5        0.443555   358.1551   185.0995   357.9176
 05/17/2018 15:43:35   21.92    False      0.08811427       -0.122134     -0.07726734       -2.402285      1.5       0.4679492   359.1312   184.9721   358.0476
 05/17/2018 15:43:35   21.94    False       0.0405772     -0.01347105      -0.1217694       -2.400157      1.5       0.4924157  0.2509295   185.0448    358.655
 05/17/2018 15:43:35   21.96    False        0.122257         -0.2219      -0.1740968       -2.397997      1.5       0.5168795    2.65859   184.8873   358.8314
 05/17/2018 15:43:35   21.98    False      0.07350971      -0.5710229      -0.1239605       -2.395905      1.5       0.5413491   1.321227   184.7366   358.5882
 05/17/2018 15:43:35      22    False      0.07435764      -0.5681293      -0.1181361       -2.393876      1.5       0.5658333   359.6927   184.8193   358.8581
 05/17/2018 15:43:35   22.02    False      0.07435764      -0.5681293      -0.1181361        -2.39181      1.5       0.5903326   358.5842   184.8324   359.2542
 05/17/2018 15:43:35   22.04    False      0.04228714      -0.2515198     -0.08469071       -2.389737      1.5       0.6148576   358.0434   184.7182   359.2937
 05/17/2018 15:43:36   22.06    False      0.07116255      0.09338027     -0.08435041        -2.38771      1.5       0.6394201    357.184   184.6139   358.8458
 05/17/2018 15:43:36   22.08    False       0.0457641         0.10872     -0.02816278       -2.385724      1.5       0.6640257    356.835   184.6962   358.6127
 05/17/2018 15:43:36    22.1    False       0.0394838       0.1097801     0.004099277       -2.383699      1.5       0.6886727   356.6385   184.7219   358.4219
 05/17/2018 15:43:36   22.12    False      0.05014578       0.1307394      0.01849284        -2.38166      1.5       0.7133664   356.7271    184.749   358.3029
 05/17/2018 15:43:36   22.14    False      0.05014578       0.1307394      0.01849284       -2.379604      1.5       0.7381086   357.0736   184.7806   358.3892
 05/17/2018 15:43:36   22.16    False      0.05350596       0.1530401      0.02794391       -2.377531      1.5       0.7628998   357.2362   184.7825   358.4679
 05/17/2018 15:43:36   22.18    False      0.03983187       0.1393806      0.04311933       -2.375453      1.5       0.7877404   358.0573     185.05   358.4921
 05/17/2018 15:43:36    22.2    False      0.03480494       0.1137261       0.0400135       -2.373254      1.5       0.8126187   358.4038   185.2048   358.4516
 05/17/2018 15:43:36   22.22    False      0.03069198      0.06484954      0.02473639       -2.370985      1.5        0.837536   358.4408   185.3548   358.3788
 05/17/2018 15:43:36   22.24    False      0.02277349      0.02572076     0.006848351       -2.368646      1.5        0.862489   358.2238   185.4255   358.2431
 05/17/2018 15:43:36   22.26    False      0.01585996       0.0504421     -0.01467665       -2.366276      1.5       0.8874391   358.0474   185.5853   358.0192
 05/17/2018 15:43:36   22.28    False      0.01383663       0.1344106     -0.03472251       -2.363837      1.5       0.9123825   357.8512   185.9994   357.2625
 05/17/2018 15:43:36    22.3    False      0.02698118       0.1123995     0.004011085       -2.361217      1.5       0.9373105   359.1376   186.1361    356.593
 05/17/2018 15:43:36   22.32    False      0.02912219      -0.2481569      0.03734947       -2.358537      1.5        0.962238   358.3454   186.4229   355.8769
 05/17/2018 15:43:36   22.34    False     0.003927498      -0.3641182       0.1087985       -2.355732      1.5       0.9871601   359.1279   186.7306   355.6919
 05/17/2018 15:43:36   22.36    False    -0.009797045      -0.3368312      0.05572199       -2.352791      1.5        1.012078   358.2138    186.909   355.8116
 05/17/2018 15:43:36   22.38    False     -0.04475055       0.3538488     -0.07506531       -2.349771      1.5        1.036998   357.4829   186.9352    357.369
 05/17/2018 15:43:36    22.4    False     -0.04475055       0.3538488     -0.07506531       -2.346738      1.5        1.061932   358.6685   187.0298   357.5217
 05/17/2018 15:43:36   22.42    False     -0.04789584      0.06310287     -0.01917166       -2.343663      1.5        1.086875   358.7478   187.1608   357.0155
 05/17/2018 15:43:36   22.44    False     -0.06531247      -0.2501976        0.011138       -2.340528      1.5        1.111828   358.2869   187.2392   356.8511
 05/17/2018 15:43:36   22.46    False     -0.05490329      -0.0341639     -0.01162921       -2.337357      1.5        1.136792   358.7191   187.5327   357.1901
 05/17/2018 15:43:36   22.48    False     -0.02032425      0.07621216     -0.09808274       -2.334058      1.5        1.161739   359.9635   187.3759   357.5623
 05/17/2018 15:43:36    22.5    False     -0.03169312    -0.002117374     -0.08372064       -2.330827      1.5        1.186695  0.2802899   187.2911   357.7348
 05/17/2018 15:43:36   22.52    False     -0.03169312    -0.002117374     -0.08372064       -2.327633      1.5        1.211656  0.2164801   187.2189   357.5845
 05/17/2018 15:43:36   22.54    False     -0.04118682      -0.1028139     -0.06776302        -2.32451      1.5        1.236311   359.9667   187.2326   357.2849
 05/17/2018 15:43:36   22.56    False     -0.04016605     -0.05331509     -0.05824574       -2.321382      1.5        1.260966   359.9123   187.2293   357.0636
 05/17/2018 15:43:36   22.58    False     -0.03152007    -0.006455498     -0.04411532       -2.318254      1.5        1.285626   359.5882   187.1555   356.7596
 05/17/2018 15:43:36    22.6    False     -0.03096251      0.00242176     -0.02104974       -2.315157      1.5         1.31029   359.3682   187.1362   356.8424
 05/17/2018 15:43:36   22.62    False     -0.03369154      0.02240237    -0.003694679       -2.312108      1.5        1.334648   359.0976   187.0984   356.9991
 05/17/2018 15:43:36   22.64    False     -0.03369154      0.02240237    -0.003694679       -2.309149      1.5        1.358408   358.9742   187.1122   357.0656
 05/17/2018 15:43:36   22.66    False     -0.03765836      0.03845982     0.006909064       -2.306293      1.5        1.381292   359.0175   187.1161   357.0511
 05/17/2018 15:43:36   22.68    False     -0.03500374      0.06238305     0.006722188       -2.303576      1.5        1.403059   358.9137   187.0347   357.0792
 05/17/2018 15:43:36    22.7    False     -0.03715034       0.0608513     0.002591047       -2.300889      1.5        1.424831   358.8559   186.9531   357.0897
 05/17/2018 15:43:36   22.72    False      -0.0410604      0.08535548    -0.002441857       -2.298229      1.5        1.446648    358.862   186.8898   357.0999
 05/17/2018 15:43:36   22.74    False     -0.04559204       0.1089286     -0.01281305       -2.295582      1.5        1.468549   358.8306   186.7223    357.163
 05/17/2018 15:43:36   22.76    False      -0.0526312       0.1227566     -0.02539426       -2.292986      1.5        1.490577   358.7245   186.5579   357.2907
 05/17/2018 15:43:36   22.78    False      -0.0526312       0.1227566     -0.02539426       -2.290436      1.5        1.512762   358.5122   186.3298   357.5076
 05/17/2018 15:43:36    22.8    False     -0.05047403      0.08377161     -0.00757963       -2.287954      1.5        1.535137   359.1506   186.0539   357.6474
 05/17/2018 15:43:36   22.82    False     -0.02458564       -0.163789      0.04474863       -2.285558      1.5        1.557724   358.8492   186.0532   357.6003
 05/17/2018 15:43:36   22.84    False    -0.009990357      -0.3651965       0.0886182        -2.28314      1.5        1.580526   358.9838   185.9619   357.6938
 05/17/2018 15:43:36   22.86    False    -0.002230148      -0.3489636      0.08597213       -2.280735      1.5        1.603556   358.4153   185.8783   357.7314
 05/17/2018 15:43:36   22.88    False    -0.003291006      -0.1057054      0.01156911        -2.27834      1.5        1.626817   357.1841   185.8698   357.7209
 05/17/2018 15:43:36    22.9    False      0.01665773       0.2039371     -0.01455497       -2.275926      1.5        1.650302   357.5756   185.9984    357.514
 05/17/2018 15:43:36   22.92    False      0.05374912       0.1384868     -0.03716847       -2.273436      1.5        1.673997   357.6013   185.9172   357.6483
 05/17/2018 15:43:36   22.94    False      0.06403378      0.06682853     -0.04810538       -2.270958      1.5        1.697901   357.7012   185.8096   357.9752
 05/17/2018 15:43:36   22.96    False       0.0577654      0.08797242     -0.05092896       -2.268507      1.5        1.721998    358.383   185.6369   358.3553
 05/17/2018 15:43:36   22.98    False      0.06279559      0.03303524     -0.05614627        -2.26611      1.5        1.746275   359.3319   185.5027   358.3962
 05/17/2018 15:43:36      23    False       0.0518055      -0.0804825     -0.05897415       -2.263771      1.5        1.770557  0.1293072   185.2798   358.4696
 05/17/2018 15:43:36   23.02    False       0.0518055      -0.0804825     -0.05897415       -2.261526      1.5        1.794848  0.3148505   185.1517    358.516
 05/17/2018 15:43:36   23.04    False      0.04968272     -0.08546373     -0.07449776       -2.259335      1.5        1.819156  0.4457531   184.9876    358.515
 05/17/2018 15:43:36   23.06    False      0.04555712      -0.0716667     -0.09063403       -2.257211      1.5        1.843492  0.3304322   184.9178   358.3972
 05/17/2018 15:43:37   23.08    False      0.04025487     -0.06488407     -0.08532318       -2.255114      1.5        1.867862  0.1065785   184.8647   358.2886
 05/17/2018 15:43:37    23.1    False      0.02902593     -0.03160969     -0.02122947       -2.253036      1.5        1.892275   359.4256   184.5734   357.9434
 05/17/2018 15:43:37   23.12    False      0.03178185    -0.003405907      0.01170135       -2.251083      1.5        1.916698    358.835   184.5173   357.6317
 05/17/2018 15:43:37   23.14    False      0.03178185    -0.003405907      0.01170135       -2.249177      1.5        1.940819   358.4169   184.5004   357.4147
 05/17/2018 15:43:37   23.16    False      0.03344378      0.02489396      0.03844203       -2.247325      1.5        1.964346   358.1216   184.5664   357.1815
 05/17/2018 15:43:37   23.18    False      0.02991858      0.02453161      0.03197708       -2.245515      1.5        1.987005   357.9291    184.658    357.069
 05/17/2018 15:43:37    23.2    False      0.02065654       0.1118375      0.04693488       -2.243759      1.5        2.008556   358.1977   184.7872   357.3422
 05/17/2018 15:43:37   23.22    False      0.02182351       0.1543274      0.03229925       -2.241955      1.5        2.030102   358.2682    184.878   357.4667
 05/17/2018 15:43:37   23.24    False      0.02295086       0.1486761     0.007504646       -2.240112      1.5        2.051692   358.4098   185.0243    357.608
 05/17/2018 15:43:37   23.26    False      0.01843107       0.1484888     -0.01624286       -2.238207      1.5        2.073366   358.5506   185.1732   357.7272
 05/17/2018 15:43:37   23.28    False      0.01843107       0.1484888     -0.01624286       -2.236233      1.5        2.095165   358.6658   185.3169   357.6971
 05/17/2018 15:43:37    23.3    False      0.01655741      0.09853926     -0.04340476        -2.23419      1.5        2.117124     359.05   185.7362    357.102
 05/17/2018 15:43:37   23.32    False      0.01561628      -0.0225357    -0.004845215       -2.231966      1.5        2.139264   359.3286   185.9272   356.4902
 05/17/2018 15:43:37   23.34    False      0.01611099      -0.2772715      0.06306756       -2.229668      1.5        2.161396   357.9458   186.1375   355.9832
 05/17/2018 15:43:37   23.36    False    -0.006220186      -0.3055598      0.07235234       -2.227289      1.5         2.18352   358.0511   186.2694    356.018
 05/17/2018 15:43:37   23.38    False    -0.006390682      -0.1526328      0.09600881       -2.224855      1.5        2.205675    357.406   186.3103   355.9884
 05/17/2018 15:43:37    23.4    False     -0.03737947     -0.03715689     -0.00177113       -2.222397      1.5        2.227903   356.5771   186.3851   356.3086
 05/17/2018 15:43:37   23.42    False      -0.0579882       0.3014991     -0.04858206        -2.21991      1.5        2.250127   357.4642   186.3271   356.2725
 05/17/2018 15:43:37   23.44    False     -0.05174371       0.2706505     -0.06061169       -2.217445      1.5        2.272354   358.5717   186.5319   355.8617
 05/17/2018 15:43:37   23.46    False     -0.04346944      0.00736136     -0.04710664       -2.214897      1.5        2.294609    358.789   186.5702   355.8537
 05/17/2018 15:43:37   23.48    False     -0.05026836     -0.09411138     -0.03162097       -2.212334      1.5        2.316861   358.8628   186.5802    356.512
 05/17/2018 15:43:37    23.5    False     -0.04854382     -0.07158589     -0.03489706       -2.209767      1.5        2.339113    359.295    186.542   357.0618
 05/17/2018 15:43:37   23.52    False      -0.0506281      -0.1085214     -0.04696774       -2.207211      1.5        2.361403   359.4823   186.3902   357.3727
 05/17/2018 15:43:37   23.54    False     -0.06232829     -0.09292953     -0.05099629       -2.204706      1.5         2.38377   359.5938   186.4395   357.2596
 05/17/2018 15:43:37   23.56    False     -0.06688958     -0.06687745     -0.05981746        -2.20217      1.5        2.406236   359.5856    186.478   357.0101
 05/17/2018 15:43:37   23.58    False     -0.06077816     -0.03547324     -0.06787515       -2.199605      1.5        2.428832   359.6723   186.5219   356.8004
 05/17/2018 15:43:37    23.6    False     -0.04714662     -0.02292547     -0.06708033       -2.197022      1.5        2.451425   359.6351   186.5416   356.6999
 05/17/2018 15:43:37   23.62    False     -0.03467207     -0.01865542     -0.03684766       -2.194463      1.5        2.473737   359.2469   186.6039   356.7525
 05/17/2018 15:43:37   23.64    False     -0.03467207     -0.01865542     -0.03684766       -2.191944      1.5        2.495495   358.7618   186.6815   356.8382
 05/17/2018 15:43:37   23.66    False     -0.03001523     0.008611771     -0.02886855       -2.189489      1.5        2.516449   358.4124   186.7195   356.8284
 05/17/2018 15:43:37   23.68    False      -0.0273949       0.0534667      -0.0293656       -2.187141      1.5         2.53638   358.3339   186.7022   356.7762
 05/17/2018 15:43:37    23.7    False     -0.01999161       0.1009422     -0.03320014       -2.184799      1.5        2.556311   358.2938   186.6645   356.7259
 05/17/2018 15:43:37   23.72    False     -0.01583736       0.1726349     -0.04318299       -2.182462      1.5        2.576308   358.3206   186.4755   356.7571
 05/17/2018 15:43:37   23.74    False     -0.01562573        0.171689     -0.04467731       -2.180177      1.5         2.59644   358.3277   186.3222   356.8026
 05/17/2018 15:43:37   23.76    False      -0.0284743       0.1494931     -0.04255155       -2.177926      1.5        2.616762   358.2354   186.1263   356.9382
 05/17/2018 15:43:37   23.78    False      -0.0284743       0.1494931     -0.04255155       -2.175719      1.5        2.637327   357.8975   185.8701   357.2449
 05/17/2018 15:43:37    23.8    False     -0.04613157        0.129216     -0.04114398       -2.173575      1.5         2.65818   358.0219    185.676   357.5038
 05/17/2018 15:43:37   23.82    False    -0.008707778    -0.008875702      0.06915856        -2.17147      1.5        2.679352   358.2009   185.2071    357.833
 05/17/2018 15:43:37   23.84    False      0.01196293      -0.3723003       0.1011638       -2.169539      1.5        2.700541   358.1294   184.9609   358.0882
 05/17/2018 15:43:37   23.86    False      0.02789306      -0.3444309       0.1387585         -2.1677      1.5        2.721737   356.6106   184.6988   358.3624
 05/17/2018 15:43:37   23.88    False      0.01913597     -0.05547943     -0.00619488       -2.165953      1.5        2.742992   355.7076    184.535   358.5791
 05/17/2018 15:43:37    23.9    False      0.03602159       0.3284758     -0.03653345       -2.164259      1.5        2.764349   356.4307   184.4429   358.4431
 05/17/2018 15:43:37   23.92    False      0.06778914       0.1602645     -0.04890929       -2.162588      1.5        2.785851   358.5524   183.9713   357.8969
 05/17/2018 15:43:37   23.94    False      0.06329884      -0.1297778      -0.0609649       -2.161082      1.5        2.807548   359.1125   183.8233   358.4236
 05/17/2018 15:43:37   23.96    False      0.03583332     -0.07927974     -0.05531979       -2.159617      1.5        2.829463  0.2546378    183.778    358.729
 05/17/2018 15:43:37   23.98    False      0.03990792     -0.03694762     -0.06695922       -2.158154      1.5         2.85162  0.9447894    183.681   358.5805
 05/17/2018 15:43:37      24    False      0.04384456      -0.1331766     -0.07295697       -2.156728      1.5         2.87378  0.9163312   183.6095     358.53
 05/17/2018 15:43:37   24.02    False      0.02727421      -0.1770848      -0.0638447        -2.15533      1.5        2.895941   0.191489   183.7714    358.641
 05/17/2018 15:43:37   24.04    False      0.01844667      -0.1217813     -0.06836554       -2.153867      1.5        2.918137 0.08402658   183.7995    358.593
 05/17/2018 15:43:38   24.06    False      0.02364028     -0.01907426     -0.07020195       -2.152388      1.5        2.940407 0.06551891    183.838   358.5548
 05/17/2018 15:43:38   24.08    False      0.03364726       0.0334679     -0.05481262       -2.150894      1.5        2.962676   359.9412   183.9817   358.2761
 05/17/2018 15:43:38    24.1    False      0.04461911      0.03781691     -0.03156628       -2.149364      1.5        2.984664     359.73   184.1349   357.9503
 05/17/2018 15:43:38   24.12    False      0.07670454      0.05205466      -0.0136086       -2.147814      1.5        3.006106   359.3132    184.382   357.6703
 05/17/2018 15:43:38   24.14    False      0.07670454      0.05205466      -0.0136086       -2.146171      1.5        3.027541    359.273   184.3972   357.6856
 05/17/2018 15:43:38   24.16    False      0.09047572      0.06263599    -0.007338835       -2.144519      1.5        3.049022   359.1964   184.4358   357.6842
 05/17/2018 15:43:38   24.18    False      0.09113143      0.06228872    -0.008626125       -2.142846      1.5        3.070595   359.0955   184.4596   357.6846
 05/17/2018 15:43:38    24.2    False      0.07986757      0.06048059     -0.01326467       -2.141153      1.5        3.092302   358.9488    184.501   357.6477
 05/17/2018 15:43:38   24.22    False      0.06161817      0.07751246     -0.02424955       -2.139431      1.5        3.114178    358.802   184.5641   357.6247
 05/17/2018 15:43:38   24.24    False      0.01690203       0.1750997     -0.05058566       -2.137668      1.5        3.136256   358.4423   184.7981   357.5101
 05/17/2018 15:43:38   24.26    False   -0.0003786112       0.2261232     -0.07611731       -2.135797      1.5        3.158553   358.2533   184.9907   357.3766
 05/17/2018 15:43:38   24.28    False   -0.0003786112       0.2261232     -0.07611731       -2.133829      1.5        3.181088   358.2524   185.2623   357.1077
 05/17/2018 15:43:38    24.3    False     0.001618731       0.2050085     -0.02886562       -2.131731      1.5        3.203867   359.7775   185.6502   356.5332
 05/17/2018 15:43:38   24.32    False      0.03713579      -0.4535144      0.07496944       -2.129453      1.5        3.226888   359.4117   185.9905   355.6251
 05/17/2018 15:43:38   24.34    False     -0.02375067      -0.5138295      0.08941624       -2.127012      1.5        3.250148   357.3475   186.6677   355.5469
 05/17/2018 15:43:38   24.36    False     0.005262259      -0.1735561     -0.02348642       -2.124268      1.5        3.273622   356.2173   186.6612     355.91
 05/17/2018 15:43:38   24.38    False     -0.03045177       0.2428306      -0.1232968         -2.1215      1.5        3.297327   356.8364   186.5761   356.5438
 05/17/2018 15:43:38    24.4    False     -0.03045177       0.2428306      -0.1232968       -2.118742      1.5        3.321249   358.2182   186.5592   356.6757
 05/17/2018 15:43:38   24.42    False     -0.02141385       0.3489467     -0.09995984       -2.115969      1.5        3.345367   358.7363    186.654   356.4673
 05/17/2018 15:43:38   24.44    False     -0.07163303      -0.2639645     -0.04396572       -2.113135      1.5        3.369654   359.0599   186.7297    357.297
 05/17/2018 15:43:38   24.46    False     -0.05305161     -0.02997291     -0.07195533       -2.110252      1.5         3.39409   359.4178   186.4969   357.5414
 05/17/2018 15:43:38   24.48    False     -0.03438476     -0.01680907      -0.1088202       -2.107468      1.5        3.418537   359.4316   186.2918   357.5106
 05/17/2018 15:43:38    24.5    False     -0.06100542      -0.0398702      -0.1043003       -2.104805      1.5         3.44269   359.3687    186.299   357.3087
 05/17/2018 15:43:38   24.52    False     -0.07576968      -0.0488203     -0.08542807       -2.102205      1.5        3.466247     359.27   186.3391   357.1148
 05/17/2018 15:43:38   24.54    False     -0.07037459     -0.03038242     -0.07502311       -2.099588      1.5        3.489802    359.157   186.2775   356.8417
 05/17/2018 15:43:38   24.56    False     -0.06656168      0.06517678     -0.04056516       -2.096997      1.5         3.51336   359.0178   186.2974      356.8
 05/17/2018 15:43:38   24.58    False      -0.0713414      0.05461461     -0.01859389       -2.094397      1.5        3.536916   358.7878   186.4033   356.8281
 05/17/2018 15:43:38    24.6    False     -0.06184617      0.01784846    -0.007779455       -2.091752      1.5        3.560488   358.5357   186.5703   356.9121
 05/17/2018 15:43:38   24.62    False     -0.04391747      0.01915916     -0.01132332       -2.089037      1.5        3.584052   358.1613   186.7655   357.1168
 05/17/2018 15:43:38   24.64    False     -0.02488435      0.06251287     -0.02360811       -2.086278      1.5        3.607314   358.2014   186.7509   357.3169
 05/17/2018 15:43:38   24.66    False     -0.01335762       0.1160007      -0.0379853       -2.083524      1.5        3.630576   358.3045   186.6568   357.3489
 05/17/2018 15:43:38   24.68    False    -0.008759668       0.1509879     -0.04999683       -2.080806      1.5        3.653866     358.43   186.5686   357.3999
 05/17/2018 15:43:38    24.7    False    -0.009373807       0.1265056     -0.05477022       -2.078118      1.5        3.677206   358.6023   186.3854   357.3699
 05/17/2018 15:43:38   24.72    False     -0.01433438      0.07742338     -0.04843735       -2.075498      1.5         3.70062   358.5358   186.1656   357.3369
 05/17/2018 15:43:38   24.74    False     -0.01885583       0.1538929     -0.03991162       -2.072958      1.5        3.724129   357.6237   185.3802   357.5519
 05/17/2018 15:43:38   24.76    False     -0.01885583       0.1538929     -0.03991162       -2.070732      1.5         3.74777   358.4251   185.0765     357.64
 05/17/2018 15:43:38   24.78    False      0.01677809      -0.1007723      0.03513963       -2.068621      1.5        3.771534    358.446   184.7082   357.5893
 05/17/2018 15:43:38    24.8    False      0.02706374       -0.414104      0.08197069       -2.066653      1.5        3.795432   357.5962   184.3796   357.7774
 05/17/2018 15:43:38   24.82    False      0.02286786      -0.1979443     0.005211742       -2.064812      1.5        3.819466   356.4236   184.0739   358.0815
 05/17/2018 15:43:38   24.84    False      0.05656889       0.3825662     -0.08543799        -2.06309      1.5        3.843637   356.6585   183.3884   358.4648
 05/17/2018 15:43:38   24.86    False      0.07146835      0.06461673     -0.09572596       -2.061651      1.5        3.867951   358.3378   183.0157   358.2886
 05/17/2018 15:43:38   24.88    False      0.07271111       0.0648085     -0.08800717       -2.060363      1.5        3.892395   359.5673   182.7121   358.2731
 05/17/2018 15:43:38    24.9    False      0.07271111       0.0648085     -0.08800717       -2.059199      1.5        3.916961    0.50495   182.6088   358.5417
 05/17/2018 15:43:38   24.92    False       0.0421365       -0.178046     -0.07589244       -2.058075      1.5        3.941634    1.58668   182.6308   358.7768
 05/17/2018 15:43:38   24.94    False      0.01423605     -0.05216319      -0.1004887       -2.056937      1.5        3.966403    2.16843   182.5249   358.8014
 05/17/2018 15:43:38   24.96    False      0.06499285      -0.3523682      -0.1566897       -2.055841      1.5        3.991261  0.8786069   182.2966   358.9854
 05/17/2018 15:43:38   24.98    False      0.05795767      -0.3522777      -0.1211983       -2.054841      1.5        4.016198  0.2397357   182.1314   359.0753
 05/17/2018 15:43:38      25    False      0.05427317      -0.1910343      -0.1090002        -2.05391      1.5        4.041204   359.6539   182.0177   358.9231
 05/17/2018 15:43:38   25.02    False      0.05427317      -0.1910343      -0.1090002       -2.053027      1.5        4.066267   359.2543   181.9204   358.6189
 05/17/2018 15:43:38   25.04    False      0.05896381     -0.06408838     -0.08971109       -2.052185      1.5        4.091379   358.8494   181.8424   358.3886
 05/17/2018 15:43:39   25.06    False      0.04719913      0.03409349     -0.02004011       -2.051376      1.5         4.11653   358.1266   181.8611   358.2228
 05/17/2018 15:43:39   25.08    False      0.03684058      0.06923026    5.066606E-05       -2.050559      1.5        4.141681    357.941   181.9237   358.2809
 05/17/2018 15:43:39    25.1    False       0.0365277       0.1135964      0.01369805       -2.049714      1.5        4.166831    358.159   182.0257   358.3535
 05/17/2018 15:43:39   25.12    False      0.03547345       0.1319693      0.02508731       -2.048824      1.5        4.191981    358.374   182.0695   358.3904
 05/17/2018 15:43:39   25.14    False      0.03547345       0.1319693      0.02508731       -2.047915      1.5        4.217134   358.4474   182.1812   358.4102
 05/17/2018 15:43:39   25.16    False      0.02156328       0.1236611      0.03618543       -2.046957      1.5         4.24229   358.5365   182.6397   358.5572
 05/17/2018 15:43:39   25.18    False       0.0202416       0.1382048      0.01409653       -2.045798      1.5        4.267443   358.5938   182.9072   358.6141
 05/17/2018 15:43:39    25.2    False      0.01702431       0.1744231     -0.02133271        -2.04452      1.5        4.292598    358.762   183.1304   358.5795
 05/17/2018 15:43:39   25.22    False      0.01419255       0.2074534     -0.05603734       -2.043144      1.5        4.317756   358.9813   183.4452   358.3965
 05/17/2018 15:43:39   25.24    False      0.01417864       0.2243171     -0.07685174        -2.04163      1.5        4.342915   359.2598   183.7095   358.0576
 05/17/2018 15:43:39   25.26    False       0.0292818      0.09631122     -0.02329804       -2.039998      1.5        4.368076   1.218973   184.0976   357.0172
 05/17/2018 15:43:39   25.28    False      0.03964364      -0.3407717    -0.003847451       -2.038196      1.5        4.393234  0.3911532   184.2724   356.9102
 05/17/2018 15:43:39    25.3    False      0.02652704      -0.3379198       0.0831019       -2.036316      1.5        4.418396   1.131254   184.4321   357.1678
 05/17/2018 15:43:39   25.32    False      0.02466858      -0.3848486     0.001518863       -2.034366      1.5        4.443561  0.2391712   184.2896    357.334
 05/17/2018 15:43:39   25.34    False   -0.0004786882     0.008459871     -0.08591387       -2.032477      1.5        4.468739  0.1747864   184.3364   357.4709
 05/17/2018 15:43:39   25.36    False     0.009163087       0.1057389     -0.08534492       -2.030568      1.5        4.493915  0.5860501   184.3093   357.8153
 05/17/2018 15:43:39   25.38    False     0.009163087       0.1057389     -0.08534492       -2.028671      1.5        4.519093  0.3292779   184.2384   357.8635
 05/17/2018 15:43:39    25.4    False     0.002011694     -0.06285168     -0.02253886       -2.026805      1.5        4.544273   359.4863   184.0105   358.3436
 05/17/2018 15:43:39   25.42    False    0.0005595284     -0.06986286      0.02063854       -2.025039      1.5        4.569462   358.9486   183.7974   358.6686
 05/17/2018 15:43:39   25.44    False       0.0024994     -0.03604866      0.03594178       -2.023367      1.5        4.594659   358.5978   183.5223   358.7909
 05/17/2018 15:43:39   25.46    False     -0.02572924     -0.01084176      0.02074178       -2.021815      1.5        4.619864     358.14   183.1582   358.5657
 05/17/2018 15:43:39   25.48    False     -0.05693986      0.09352079      0.02101099       -2.020441      1.5        4.644764   358.5921   183.3194   358.3094
 05/17/2018 15:43:39    25.5    False     -0.08818495       0.1009513      0.02564409       -2.018997      1.5        4.669662   358.8791   183.4339   358.0863
 05/17/2018 15:43:39   25.52    False     -0.08818495       0.1009513      0.02564409       -2.017503      1.5         4.69456    359.446   183.6946   357.6612
 05/17/2018 15:43:39   25.54    False      -0.1014889      0.07580031      0.01395138       -2.015895      1.5         4.71946  0.0341263   184.0777   357.5301
 05/17/2018 15:43:39   25.56    False     -0.07696857      0.07233965     -0.02280844        -2.01412      1.5        4.744362  0.8182441   184.8141   357.8892
 05/17/2018 15:43:39   25.58    False     -0.05582777     -0.02186109      -0.0372042       -2.012024      1.5        4.769256  0.6487908   185.0761   358.3006
 05/17/2018 15:43:39    25.6    False     -0.03901375     -0.07745071      -0.0545835       -2.009813      1.5        4.794139  0.3192138   185.3147   358.5795
 05/17/2018 15:43:39   25.62    False     -0.02926497     -0.09974027     -0.06752384       -2.007499      1.5        4.819013  0.0329591   185.5305   358.5662
 05/17/2018 15:43:39   25.64    False     -0.02926497     -0.09974027     -0.06752384       -2.005091      1.5        4.843882   359.8574   185.7072   358.4722
 05/17/2018 15:43:39   25.66    False     -0.02538252     -0.07274168     -0.07442272       -2.002606      1.5        4.868751    359.792   185.8005   358.3194
 05/17/2018 15:43:39   25.68    False    -0.007515778     0.009005722      -0.0866841       -2.000079      1.5        4.893627   359.8922   185.8401   358.0592
 05/17/2018 15:43:39    25.7    False     -0.00126905      0.03113103     -0.08777924       -1.997535      1.5        4.918501   359.9152   185.8263   358.0411
 05/17/2018 15:43:39   25.72    False      0.00162936       0.0195642     -0.08285569       -1.995028      1.5        4.943068   359.8939   185.8602   358.0124
 05/17/2018 15:43:39   25.74    False     0.001123727     0.008265861     -0.07453664       -1.992569      1.5        4.959805   359.8464   185.8776   357.9707
 05/17/2018 15:43:39   25.76    False     0.001123727     0.008265861     -0.07453664       -1.990193      1.5        4.962976   359.8178   185.8892   357.9369
 05/17/2018 15:43:39   25.78    False    -0.003065057      0.03021088      -0.0640746       -1.987929      1.5        4.963385   359.7962   185.9685   357.7484
 05/17/2018 15:43:39    25.8    False    -0.003065057      0.03021088      -0.0640746       -1.985774      1.5        4.963201   359.7962   185.9685   357.7484
 05/17/2018 15:43:39   25.82    False    -0.001995831      0.02560727     -0.05891851       -1.983774      1.5        4.962866   359.8188   186.0039   357.6385
 05/17/2018 15:43:39   25.84    False     0.001587459      0.01159737     -0.05524319       -1.981931      1.5        4.962478   359.8414   186.0497   357.5767
 05/17/2018 15:43:39   25.86    False      0.01039675   -0.0008224239     -0.05012867       -1.980251      1.5        4.962067   359.8397   186.0568   357.5636
 05/17/2018 15:43:39   25.88    False      0.02080887    -0.008321681     -0.04387387       -1.978748      1.5        4.961647    359.814   186.0632   357.5642
 05/17/2018 15:43:39    25.9    False      0.02673719     -0.01418407     -0.04151562        -1.97742      1.5         4.96123   359.7085   186.0544   357.5827
 05/17/2018 15:43:39   25.92    False      0.02673719     -0.01418407     -0.04151562       -1.976264      1.5        4.960825   359.5916   186.0393   357.6132
 05/17/2018 15:43:39   25.94    False      0.02579405     -0.02688257     -0.03168667       -1.975272      1.5        4.960441   359.3935   185.9977   357.6677
 05/17/2018 15:43:39   25.96    False      0.02034159     -0.02056332      -0.0250992       -1.974434      1.5        4.960083   359.1944   185.9393   357.7268
 05/17/2018 15:43:39   25.98    False      0.01231015      0.03965606      -0.0256614       -1.973737      1.5        4.959755   359.0764   185.8658   357.7463
 05/17/2018 15:43:39      26    False     0.005151281      0.05013314     -0.02466838       -1.973167      1.5        4.959461   359.1349   185.8631   357.7499
 05/17/2018 15:43:39   26.02    False     0.001513699      0.02257781     -0.02186376       -1.972597      1.5        4.959403   359.1393   185.8493   357.7411
 05/17/2018 15:43:39   26.04    False    0.0007813094    0.0001978991     -0.01755129       -1.972029      1.5        4.959391   359.1455   185.8366   357.7308
 05/17/2018 15:43:39   26.06    False    0.0007813094    0.0001978991     -0.01755129       -1.971468      1.5        4.959374   359.1491   185.8321   357.7192
 05/17/2018 15:43:40   26.08    False     0.001156363    -0.002817461     -0.01556476       -1.970922      1.5        4.959344    359.155   185.8411   357.6943
 05/17/2018 15:43:40    26.1    False     0.005386494    -0.007269364     -0.01340067       -1.970396      1.5        4.959299    359.138   185.8477   357.6842
 05/17/2018 15:43:40   26.12    False     0.005386494    -0.007269364     -0.01340067       -1.969894      1.5        4.959239    359.138   185.8477   357.6842
 05/17/2018 15:43:40   26.14    False      0.01704275     -0.00867897     -0.01977668       -1.969423      1.5        4.959168   359.0832   185.8219   357.6995
 05/17/2018 15:43:40   26.16    False      0.02053719    -0.002908096     -0.01995768       -1.968987      1.5        4.959088   359.0544   185.7893   357.7182
 05/17/2018 15:43:40   26.18    False      0.02053719    -0.002908096     -0.01995768       -1.968591      1.5           4.959    359.039   185.7351    357.748
 05/17/2018 15:43:40    26.2    False      0.01948871     0.002624424     -0.01039425       -1.968235      1.5        4.958908   359.0184   185.5666   357.8481
 05/17/2018 15:43:40   26.22    False      0.01727311     0.003475828     -0.01023603       -1.967927      1.5        4.958815        359   185.4745   357.9078
 05/17/2018 15:43:40   26.24    False      0.01441727    6.243304E-05     -0.00822698       -1.967659      1.5        4.958722   358.9854   185.3717   357.9555
 05/17/2018 15:43:40   26.26    False     0.008481511    -0.001530582    -0.005328835        -1.96743      1.5        4.958632   358.9961   185.3035   357.9783
 05/17/2018 15:43:40   26.28    False     0.004053246      0.01234764    -0.004284376       -1.967236      1.5        4.958546   359.0304   185.2216   357.9773
 05/17/2018 15:43:40    26.3    False     0.004053246      0.01234764    -0.004284376       -1.967073      1.5        4.958466   359.0778   185.1612   357.9856
 05/17/2018 15:43:40   26.32    False     0.004504224       0.0139778    -0.007450138       -1.966938      1.5        4.958392   359.1115   185.1207   358.0106
 05/17/2018 15:43:40   26.34    False     0.004135647      0.01234054    -0.009037078       -1.966827      1.5        4.958326   359.1626   185.0708   358.0535
 05/17/2018 15:43:40   26.36    False     0.004899219     0.009325569    -0.008323596       -1.966737      1.5        4.958269   359.2094    185.024   358.0782
 05/17/2018 15:43:40   26.38    False     0.006344003     -0.01124339     -0.01761211       -1.966665      1.5        4.958218     359.25   184.9431   358.1125
 05/17/2018 15:43:40    26.4    False     0.006188986     -0.01066846     -0.01884091       -1.966608      1.5        4.958175   359.2646   184.8867    358.142
 05/17/2018 15:43:40   26.42    False     0.006188986     -0.01066846     -0.01884091       -1.966564      1.5        4.958138   359.2701   184.8412   358.1579
 05/17/2018 15:43:40   26.44    False     0.004126729    -0.004948158     -0.01971613        -1.96653      1.5        4.958108   359.2851   184.7835   358.1707
 05/17/2018 15:43:40   26.46    False     0.001138251    2.557615E-05     -0.02149456       -1.966504      1.5        4.958084   359.3084    184.718   358.1815
 05/17/2018 15:43:40   26.48    False    -0.003058687     0.000267334     -0.02311668       -1.966484      1.5        4.958064   359.3468   184.6709   358.1805
 05/17/2018 15:43:40    26.5    False      -0.0132432    0.0005686074     -0.02435296        -1.96647      1.5        4.958048   359.4457   184.6202   358.1714
 05/17/2018 15:43:40   26.52    False     -0.01118952     -0.01019642     -0.02350222       -1.966459      1.5        4.958036   359.4991   184.6076    358.159
 05/17/2018 15:43:40   26.54    False    -0.009915899     -0.01542757     -0.02178486       -1.966452      1.5        4.958026   359.4925   184.6044   358.1591
 05/17/2018 15:43:40   26.56    False    -0.009915899     -0.01542757     -0.02178486       -1.966446      1.5        4.958019   359.5095    184.606   358.1417
 05/17/2018 15:43:40   26.58    False    -0.008136026     -0.01339996     -0.02042426       -1.966442      1.5        4.958014   359.5121   184.6211    358.106
 05/17/2018 15:43:40    26.6    False     0.002837485    -0.003619074     -0.01776976       -1.966439      1.5         4.95801   359.4931   184.6656   358.0779
 05/17/2018 15:43:40   26.62    False     0.003786948     0.003121943     -0.01747577       -1.966437      1.5        4.958007   359.4756    184.695   358.0783
 05/17/2018 15:43:40   26.64    False     0.006431683      0.01171388     -0.01951574       -1.966436      1.5        4.958005   359.4563   184.7205   358.0846
 05/17/2018 15:43:40   26.66    False     0.006354461      0.01131059     -0.01931233       -1.966435      1.5        4.958004   359.4564   184.7418   358.0975
 05/17/2018 15:43:40   26.68    False     0.006354461      0.01131059     -0.01931233       -1.966434      1.5        4.958003   359.4742   184.7535   358.1152
 05/17/2018 15:43:40    26.7    False      0.01226755     0.005727502     -0.02259591       -1.966434      1.5        4.958002    359.505   184.7471   358.1374
 05/17/2018 15:43:40   26.72    False       0.0111927    -0.006308557     -0.02087845       -1.966434      1.5        4.958001   359.5187   184.7246   358.1496
 05/17/2018 15:43:40   26.74    False     0.008363004    -0.005322659     -0.02295063       -1.966434      1.5        4.958001   359.5253   184.6919   358.1667
 05/17/2018 15:43:40   26.76    False     0.007406851   -0.0001562771     -0.01898733       -1.966433      1.5        4.958001   359.5299   184.6684   358.1821
 05/17/2018 15:43:40   26.78    False     0.006309476     0.005241846     -0.01839589       -1.966433      1.5        4.958001   359.5508   184.6286     358.19
 05/17/2018 15:43:40    26.8    False     0.003703353     0.007166281     -0.01555558       -1.966433      1.5           4.958   359.6025   184.5839   358.1971
 05/17/2018 15:43:40   26.82    False   -0.0001982898    0.0002286294     -0.01572164       -1.966433      1.5           4.958   359.6217   184.5667   358.1962
 05/17/2018 15:43:40   26.84    False   -0.0009153915    -0.006278702     -0.01625051       -1.966433      1.5           4.958   359.6313   184.5549   358.1985
 05/17/2018 15:43:40   26.86    False    -0.001456709    -0.007164822     -0.01540645       -1.966433      1.5           4.958   359.6412   184.5453   358.1991
 05/17/2018 15:43:40   26.88    False    0.0002753218    -0.002913541      -0.0152132       -1.966433      1.5           4.958   359.6477   184.5409   358.1931
