06/07/2018 11:57:47    4.44    False               0               0               0             1.5      1.5              -1   3.260772   4.076676   354.8165          0      False       True          0        0.2
 06/07/2018 11:57:48    4.46    False     0.006540978    -0.001409119   -0.0005718287             1.5      1.5              -1    4.06496   4.249775   354.7426          0      False       True          0        0.2
 06/07/2018 11:57:48    4.48    False     0.005932815     0.004264604    -0.001821462             1.5      1.5              -1   4.108913   4.267482   354.7541          0      False       True          0        0.2
 06/07/2018 11:57:48     4.5    False     0.003968867    -0.003378872    -0.002941452             1.5      1.5              -1   4.135982   4.276741   354.7565          0      False       True          0        0.2
 06/07/2018 11:57:48    4.52    False     0.003235723     -0.01113379    -0.002717454             1.5      1.5              -1   4.157703   4.298609   354.7657          0      False       True          0        0.2
 06/07/2018 11:57:48    4.54    False     0.002907233    -0.006861118    -0.001937077             1.5      1.5              -1   4.176367   4.320255    354.784          0      False       True          0        0.2
 06/07/2018 11:57:48    4.56    False     0.002195622   -0.0002571229    -0.001258154             1.5      1.5              -1    4.19916   4.349208     354.79          0      False       True          0        0.2
 06/07/2018 11:57:48    4.58    False     0.002195622   -0.0002571229    -0.001258154             1.5      1.5              -1    4.19916   4.349208     354.79          0      False       True          0        0.2
 06/07/2018 11:57:48     4.6    False    0.0006449043      0.00136847     0.002722146             1.5      1.5              -1   4.225151   4.386017    354.772          0      False       True          0        0.2
 06/07/2018 11:57:48    4.62    False    -0.001324678    -0.003480204     0.002874035             1.5      1.5              -1   4.257574    4.50034    354.764          0      False       True          0        0.2
 06/07/2018 11:57:48    4.64    False    -0.001324678    -0.003480204     0.002874035             1.5      1.5              -1   4.257574    4.50034    354.764          0      False       True          0        0.2
 06/07/2018 11:57:48    4.66    False   -0.0008601317    3.209175E-05     0.002159823             1.5      1.5              -1     4.2754   4.581721   354.7594          0      False       True          0        0.2
 06/07/2018 11:57:48    4.68    False     0.001201629     0.003772336     0.004305582             1.5      1.5              -1   4.314789   4.671971   354.7408          0      False       True          0        0.2
 06/07/2018 11:57:48     4.7    False     0.005899399   -0.0006588533      0.00355551             1.5      1.5              -1   4.327602   4.732749   354.7423          0      False       True          0        0.2
 06/07/2018 11:57:48    4.72    False      0.01047111     -0.01435065    0.0007610849             1.5      1.5              -1   4.327018    4.79249   354.7406          0      False       True          0        0.2
 06/07/2018 11:57:48    4.74    False      0.01281324     -0.02148455    -0.001667908             1.5      1.5              -1   4.305725   4.881402   354.7564          0      False       True          0        0.2
 06/07/2018 11:57:48    4.76    False      0.01559618     -0.01553046   -0.0005346679             1.5      1.5              -1   4.297808   4.943617    354.767          0      False       True          0        0.2
 06/07/2018 11:57:48    4.78    False      0.02236062     -0.01220789     0.002362694             1.5      1.5              -1   4.255262   4.999243   354.8216          0      False       True          0        0.2
 06/07/2018 11:57:48     4.8    False      0.01786594    -0.009991327     0.009627803             1.5      1.5              -1   4.240164   5.026574    354.961          0      False       True          0        0.2
 06/07/2018 11:57:48    4.82    False      0.01583948     -0.01390633       0.0165306             1.5      1.5              -1    4.12327   5.006143    355.282          0      False       True          0        0.2
 06/07/2018 11:57:48    4.84    False      0.01583948     -0.01390633       0.0165306             1.5      1.5              -1    4.12327   5.006143    355.282          0      False       True          0        0.2
 06/07/2018 11:57:48    4.86    False     0.008148586     -0.02118094       0.0452899             1.5      1.5              -1   3.828891    5.08431   355.4488          0      False       True          0        0.2
 06/07/2018 11:57:48    4.88    False     0.008148586     -0.02118094       0.0452899             1.5      1.5              -1   3.347444   5.273994   355.2753          0      False       True          0        0.2
 06/07/2018 11:57:48     4.9    False       0.0054058      0.09018189      0.03361001             1.5      1.5              -1    2.80007   5.460209   355.0554          0      False       True          0        0.2
 06/07/2018 11:57:48    4.92    False    -0.005169913       0.1434835       0.0360411             1.5      1.5              -1   2.554628   5.624606   354.8772 0.09018189       True      False          0        0.2
 06/07/2018 11:57:48    4.94    False    -0.005169913       0.1434835       0.0360411        1.499873      1.5       -1.001288   2.382075   5.785734   354.7368  0.2336654       True      False  0.1176315        0.2
 06/07/2018 11:57:48    4.96    False     -0.02792534       0.1053762      0.03877431        1.499497      1.5          -1.005   2.261877   6.000246    354.636   0.377149       True      False  0.3392382        0.2
 06/07/2018 11:57:48    4.98    False     -0.09744117    -0.005216562       0.0599023        1.498761      1.5       -1.012003   1.366876   6.964173   354.2329  0.4825251       True      False  0.6401158        0.2
 06/07/2018 11:57:48       5    False      -0.1340961      0.01010919      0.07082999        1.497907      1.5       -1.018992   0.236463   7.814164   353.7774  0.4877417       True       True  0.6401158        0.2
 06/07/2018 11:57:48    5.02    False      -0.1287934      0.03616759       0.1090048        1.497041      1.5       -1.025304   359.5338   8.695352   353.4559  0.4978509       True       True  0.5792007        0.2
 06/07/2018 11:57:48    5.04    False      -0.1323712      0.03579319      0.09280078        1.496252      1.5       -1.030461   358.3493    10.2885   352.9768  0.5340185       True       True  0.4742095        0.2
 06/07/2018 11:57:48    5.06    False     -0.08832004       -0.108812      0.08708336        1.495562      1.5       -1.034263   357.8554   10.92723   353.1488  0.5698117       True       True  0.3513032        0.2
 06/07/2018 11:57:48    5.08    False     -0.06005325      -0.1067196      0.04050833         1.49483      1.5       -1.038057   357.3666   11.53693   353.4543  0.6786237       True      False  0.3513032        0.2
 06/07/2018 11:57:48     5.1    False     -0.07558309     -0.01304714     0.001653652        1.493828      1.5       -1.042963   356.5496   12.13314   354.2288  0.6951615       True      False  0.4551599        0.2
 06/07/2018 11:57:48    5.12    False     -0.07558309     -0.01304714     0.001653652        1.492776      1.5       -1.047858   356.5496   12.13314   354.2288  0.5647252       True       True  0.4551599        0.2
 06/07/2018 11:57:48    5.14    False      -0.1083599      -0.1659458      0.06764775        1.491824      1.5       -1.052287   354.7184   13.78503   354.4866  0.4342888       True       True  0.4118457        0.2
 06/07/2018 11:57:48    5.16    False      -0.1083599      -0.1659458      0.06764775        1.490744      1.5       -1.056687   354.7184   13.78503   354.4866  0.4948585       True      False  0.4118457        0.2
 06/07/2018 11:57:48    5.18    False     -0.04053996      -0.1435115     -0.01056537        1.489399      1.5       -1.062171   354.3883   15.55004   353.7508  0.6555877       True      False  0.5133286        0.2
 06/07/2018 11:57:48     5.2    False     -0.03879118      0.08324803     -0.06576761        1.487321      1.5       -1.069637   354.7957   17.41594   353.1097    0.78899       True      False  0.7045127        0.2
 06/07/2018 11:57:48    5.22    False     -0.03974228       0.1271767     -0.06278362        1.484147      1.5       -1.079755   354.9316   18.59634   352.8975  0.8360704       True      False  0.9640852        0.2
 06/07/2018 11:57:48    5.24    False      -0.0273545     -0.05316902     -0.03894708        1.479709      1.5       -1.092945    354.444   19.91755   352.6305  0.9274539       True      False   1.265108        0.2
 06/07/2018 11:57:48    5.26    False    -0.004151784      -0.1233398      -0.0474106        1.474968      1.5       -1.106029   354.1748    21.1643   352.4672  0.8718109       True       True   1.265108        0.1
 06/07/2018 11:57:48    5.28    False      0.03125344     -0.00573285     -0.08383208        1.469944      1.5       -1.119006   354.2938   22.27535   352.3626   0.888431       True      False   1.265108        0.1
 06/07/2018 11:57:48     5.3    False      0.06742853       0.1062524      -0.1235496        1.464669      1.5       -1.131884   355.4446   23.91733   352.3949  0.8811166       True       True   1.265108        0.1
 06/07/2018 11:57:48    5.32    False      0.08029695       0.1430426      -0.1410959        1.459027      1.5       -1.144605   356.2193   24.47186   352.4353  0.9743218       True      False   1.265108        0.1
 06/07/2018 11:57:48    5.34    False      0.04866465       0.0850406      -0.1172063        1.452952      1.5       -1.157952   356.8438   25.11798   352.3706  0.9514187       True      False   1.333133        0.1
 06/07/2018 11:57:48    5.36    False     -0.01021636     -0.04289334     -0.06872518        1.446129      1.5       -1.172506   357.1627   25.85172   352.2479  0.8705135       True      False   1.461288        0.1
 06/07/2018 11:57:49    5.38    False     -0.05778596       -0.103957     -0.02443769         1.43912      1.5       -1.186972   357.1957   26.66004   352.1606  0.7698954       True       True   1.461288        0.1
 06/07/2018 11:57:49     5.4    False     -0.06879357     -0.05589983    0.0006690278        1.431908      1.5       -1.201337    357.308   28.21548   352.1393  0.7906044       True      False   1.461288        0.1
 06/07/2018 11:57:49    5.42    False      -0.0640889       0.0573991      0.03217896        1.424308      1.5       -1.215501   357.4079   28.99686   352.1846  0.7193276       True       True   1.461288        0.1
 06/07/2018 11:57:49    5.44    False      -0.0640889       0.0573991      0.03217896        1.417928      1.5       -1.227012   357.4079   28.99686   352.1846  0.7235577       True       True   1.196402        0.1
 06/07/2018 11:57:49    5.46    False     -0.09193227       0.1555297      0.01371231        1.413652      1.5       -1.234728    356.643   30.94903   352.5478   0.657617       True       True  0.8019723        0.1
 06/07/2018 11:57:49    5.48    False     -0.09193227       0.1555297      0.01371231        1.409115      1.5       -1.242294   356.0046   31.99227   352.8714  0.8074139       True      False  0.8019723        0.1
 06/07/2018 11:57:49     5.5    False     -0.01933263        0.528216      0.03189909        1.403939      1.5       -1.250579   355.8923   32.99222   353.4342  0.8566912       True      False  0.8881581        0.1
 06/07/2018 11:57:49    5.52    False      0.03896976       0.1589835     -0.03772978        1.397647      1.5       -1.260272   355.5388   34.72725   353.7761   1.241865       True      False   1.050524        0.1
 06/07/2018 11:57:49    5.54    False    -0.002207724      0.06133657      0.07082341        1.389682      1.5       -1.271762   354.9703   35.55084   353.5961   1.315807       True      False    1.27097        0.1
 06/07/2018 11:57:49    5.56    False    -0.002207724      0.06133657      0.07082341        1.379919      1.5       -1.285425   355.0802   36.66298   353.4994   1.334251       True       True   1.526617        0.1
 06/07/2018 11:57:49    5.58    False     -0.01218229      -0.1954592      0.08918921        1.368137      1.5       -1.301252   355.4297   38.04931    353.459    1.29163       True       True   1.793696        0.1
 06/07/2018 11:57:49     5.6    False      0.07780588      -0.5620215      0.07572181        1.355976      1.5       -1.316789   356.4099   40.75078   353.8979   1.431189       True      False   1.793696        0.1
 06/07/2018 11:57:49    5.62    False      0.07817274      -0.5551891      0.07933622        1.342757      1.5       -1.332131   356.6227   41.98002   354.3102   1.935812       True      False   1.840996        0.1
 06/07/2018 11:57:49    5.64    False       0.1050707      -0.6592399      0.06789331        1.328556      1.5       -1.347913   356.2592   43.12008   354.7855   2.433602       True      False   1.930104        0.1
 06/07/2018 11:57:49    5.66    False       0.0844994      -0.5860473      0.01114463        1.313135      1.5       -1.364382   355.2331   44.38419    355.272   2.937312       True      False   2.051087        0.1
 06/07/2018 11:57:49    5.68    False      0.04477027      -0.2855453    -0.004412785        1.296274      1.5       -1.381609   354.7529   45.44446    355.138    3.36783       True      False    2.19139        0.1
 06/07/2018 11:57:49     5.7    False      0.01013594      -0.1074622    -0.005227855        1.277948      1.5       -1.399653   353.5619   47.99587   354.8758   3.125159       True      False   2.337966        0.1
 06/07/2018 11:57:49    5.72    False     -0.02138134      0.02689152     -0.05173667        1.257683      1.5       -1.417902    352.955   49.33569   355.1069   3.073637       True      False   2.479225        0.1
 06/07/2018 11:57:49    5.74    False     -0.04096888        0.332438      -0.1085427        1.236996      1.5       -1.435673   352.8547    50.6807   355.7128   3.039192       True       True   2.479225       0.05
 06/07/2018 11:57:49    5.76    False     -0.04390928       0.5455492      -0.1270386        1.215898      1.5       -1.452953   353.4312    52.0316   356.3446   3.310294       True      False   2.479225       0.05
 06/07/2018 11:57:49    5.78    False     -0.04492902       0.5612476      -0.1539161        1.194222      1.5        -1.46987   354.0154   53.39579   356.6005   3.660384       True      False   2.499645       0.05
 06/07/2018 11:57:49     5.8    False     -0.03055758       0.4692964      -0.1523093        1.171809      1.5       -1.486517   355.6904   56.08377   356.5168    3.65961       True      False   2.538114       0.05
 06/07/2018 11:57:49    5.82    False     -0.01149256       0.3258432      -0.1161562        1.148163      1.5       -1.502416   356.3583   57.46597   356.4264   3.573717       True      False   2.590344       0.05
 06/07/2018 11:57:49    5.84    False    -0.007975501       0.1576431     -0.06437669        1.123579      1.5       -1.518099   356.2747   59.00188   356.6303    3.24032       True      False   2.650914       0.05
 06/07/2018 11:57:49    5.86    False     -0.01683084      0.03908288     -0.03285198        1.097987      1.5       -1.533475   356.1346   61.93557   357.1551   2.811916       True      False   2.714193       0.05
 06/07/2018 11:57:49    5.88    False      0.01694565        0.116575      -0.1020552        1.071641      1.5       -1.547521   355.9462   63.25712   357.4186   2.565454       True       True   2.714193       0.05
 06/07/2018 11:57:49     5.9    False      0.03776631       0.2130893      -0.1422628        1.044979      1.5       -1.560956   356.2247    64.5275   357.4822   2.574567       True      False   2.714193       0.05
 06/07/2018 11:57:49    5.92    False      0.03776631       0.2130893      -0.1422628        1.017914      1.5       -1.573849   356.6149   65.77453   357.3631   2.760765       True      False   2.725399       0.05
 06/07/2018 11:57:49    5.94    False      0.03862314       0.2762784      -0.1481201       0.9903625      1.5       -1.586246   357.6748    67.0998   356.9927   2.641416       True      False   2.746512       0.05
 06/07/2018 11:57:49    5.96    False      0.04436636       0.1081735      -0.0237598       0.9622415      1.5       -1.598125   358.8649   68.41784   356.3068   2.372145       True      False   2.775177       0.05
 06/07/2018 11:57:49    5.98    False      0.03239477      -0.3590397     0.008667154       0.9335148      1.5       -1.609488   357.3909   69.61858    356.101   1.919071       True      False   2.808418       0.05
 06/07/2018 11:57:49       6    False     -0.00369861      -0.2517873     -0.02058335       0.9041981      1.5        -1.62038   356.8508   70.71938   356.5976   1.808815       True      False   2.843146       0.05
 06/07/2018 11:57:49    6.02    False     0.001543017      -0.3595508      0.05588663       0.8743301      1.5       -1.630828   356.7417   72.47969   356.2922   1.734759       True      False   2.876615       0.05
 06/07/2018 11:57:49    6.04    False     0.001543017      -0.3595508      0.05588663       0.8438392      1.5       -1.640454   356.5977   73.48218   355.4909   1.936666       True      False   2.906747       0.05
 06/07/2018 11:57:49    6.06    False     -0.03314253      -0.4369204       0.1064375       0.8129151      1.5       -1.649625   356.8567   74.62599   355.0512   2.257134       True      False   2.932285       0.05
 06/07/2018 11:57:49    6.08    False      -0.0364411      -0.3550062       0.1086787       0.7815971      1.5       -1.658236    357.103   75.80913   355.0222    2.57748       True      False   2.952757       0.05
 06/07/2018 11:57:49     6.1    False      0.07451352      -0.2661376      0.04641776       0.7499418      1.5        -1.66624   356.8912    77.5676   356.1597   2.719397       True      False   2.968332       0.05
 06/07/2018 11:57:49    6.12    False       0.1102823      -0.1854575     -0.04214278       0.7179347      1.5       -1.673297   356.2125   77.99744   356.8553   2.772445       True      False   2.979604       0.05
 06/07/2018 11:57:49    6.14    False      0.08859333     -0.04930586     -0.07068397        0.685792      1.5        -1.68013   355.6641   78.31198   357.1874   2.681624       True      False    2.98738       0.05
 06/07/2018 11:57:49    6.16    False      0.03640345      0.03297126     -0.07905008       0.6536121      1.5       -1.686787   355.3493   78.69478   356.8463   2.622756       True       True    2.98738       0.05
 06/07/2018 11:57:49    6.18    False      0.03640345      0.03297126     -0.07905008        0.632012      1.5       -1.691106   355.1873   79.22264   356.1923   2.296688       True       True   2.002501       0.05
 06/07/2018 11:57:49     6.2    False     -0.03029014        0.180851      -0.0977236        0.622289      1.5       -1.692956   355.9603   80.85567   355.2774   2.077872       True       True  0.8997824       0.05
 06/07/2018 11:57:49    6.22    False     -0.05621451        0.377296      -0.1101652       0.6125172      1.5       -1.694529   356.8771   81.70182   355.3591   1.899172       True      False  0.8997824       0.05
 06/07/2018 11:57:49    6.24    False     -0.03812912       0.4350245      -0.1496809       0.6018268      1.5       -1.696089    357.666   82.41643   355.5032   1.916917       True      False   0.982133       0.05
 06/07/2018 11:57:49    6.26    False      0.01078796       0.2999394      -0.1629806       0.5894263      1.5       -1.697739   358.3654   82.93558    355.493   1.915021       True      False   1.137274       0.05
 06/07/2018 11:57:49    6.28    False      0.02670771      0.08681896      -0.1313616       0.5747118      1.5       -1.699563   358.7792    83.3661    355.449   1.859955       True      False    1.34791       0.05
 06/07/2018 11:57:49     6.3    False     0.008420485     -0.06523902     -0.06618181       0.5573151      1.5       -1.701586   358.7976    84.0583    355.221   1.680636       True      False   1.592181       0.05
 06/07/2018 11:57:49    6.32    False     -0.02318328      -0.1367196    -0.003193104       0.5371031      1.5        -1.70369    358.761   84.37543   355.1452   1.560418       True       True   1.847376       0.05
 06/07/2018 11:57:49    6.34    False     -0.03698512     -0.08833759      0.03594439       0.5168798      1.5       -1.705682   358.8392   84.61017   355.2834   1.647831       True      False   1.847376       0.05
 06/07/2018 11:57:49    6.36    False     -0.02083613     -0.01494347       0.0610037       0.4961536      1.5       -1.707637    358.887   84.75939   355.4983   1.703197       True      False    1.89257       0.05
 06/07/2018 11:57:50    6.38    False    -0.008326957      -0.0131547      0.07781321       0.4754223      1.5       -1.709539   358.7622   84.90748   355.8096    1.68517       True       True    1.89257        0.1
 06/07/2018 11:57:50     6.4    False     -0.02644428      0.02416985      0.09013915        0.458445      1.5       -1.711051   358.3545   85.05652   356.3846   1.517473       True       True   1.549506        0.1
 06/07/2018 11:57:50    6.42    False     -0.05092924       0.1628544      0.05369323       0.4470622      1.5       -1.712036   356.6514   85.29193   357.6572   1.164347       True       True   1.038665        0.1
 06/07/2018 11:57:50    6.44    False     -0.04428634       0.3563204      0.04378488       0.4356754      1.5       -1.712974   355.9124   85.40437   357.6166  0.8921771       True      False   1.038665        0.1
 06/07/2018 11:57:50    6.46    False     -0.02305764        0.386033      0.06073859       0.4234436      1.5       -1.713957   355.0872   85.52818   357.1711  0.9485581       True      False    1.11557        0.1
 06/07/2018 11:57:50    6.48    False    -0.007748993       0.3412937      0.06050747       0.4096209      1.5       -1.715038   356.0774   85.73287   356.7859   1.247772       True      False   1.260452        0.1
 06/07/2018 11:57:50     6.5    False       0.0301366       0.1560283       0.1041567       0.3936365      1.5       -1.716231   357.2138   85.94772    356.815   1.523827       True      False   1.457159        0.1
 06/07/2018 11:57:50    6.52    False      0.04417435      -0.4228691       0.1669737       0.3751448      1.5       -1.717541   357.8491   86.72618   357.5214   1.543135       True      False   1.685277        0.1
 06/07/2018 11:57:50    6.54    False      0.04417435      -0.4228691       0.1669737       0.3540198      1.5       -1.718749   357.5029   87.17256   357.3776   1.877667       True      False   1.923596        0.1
 06/07/2018 11:57:50    6.56    False      0.08255068      -0.5326492       0.1201176       0.3303626      1.5       -1.719918   357.2342   87.32626   357.5247   2.285593       True      False    2.15327        0.1
 06/07/2018 11:57:50    6.58    False       0.1194173      -0.4802831      0.03911518       0.3044303      1.5       -1.721129   356.9841   87.43913   357.8617   2.805087       True      False   2.360055        0.1
 06/07/2018 11:57:50     6.6    False       0.1024779      -0.4187786       0.0207909       0.2765698      1.5       -1.722375   356.5611   87.64838   357.8606     3.2612       True      False   2.535305        0.1
 06/07/2018 11:57:50    6.62    False      0.02867979      -0.2810522       0.0821057       0.2471609      1.5       -1.723582   355.6894     88.291   357.1865   3.517125       True      False   2.675793        0.1
 06/07/2018 11:57:50    6.64    False    -0.008404637      -0.1092907      0.04789259        0.216565      1.5       -1.724495   355.1712    88.6567   357.0609   3.441856       True      False   2.782677        0.1
 06/07/2018 11:57:50    6.66    False     -0.02894614       0.1590176    -0.006339116       0.1851133      1.5       -1.725233    354.985    89.0535   357.1888   3.165114       True      False   2.860036        0.1
 06/07/2018 11:57:50    6.68    False     -0.02894614       0.1590176    -0.006339116       0.1530703      1.5       -1.725762   355.2881   89.47259   357.4353   2.982838       True      False   2.913393        0.1
 06/07/2018 11:57:50     6.7    False     -0.01294888       0.3414941     -0.09204807       0.1206381      1.5       -1.726061   356.0208   89.80476   357.7314   2.985827       True      False    2.94851        0.1
 06/07/2018 11:57:50    6.72    False      0.04688544       0.4087976      -0.2332422      0.08796181      1.5       -1.726172   358.1897   90.04554   358.6531   2.904452       True      False   2.970588        0.1
 06/07/2018 11:57:50    6.74    False    0.0006582029      0.09797814      -0.1405578      0.05513937      1.5       -1.726146   358.5887   90.30721   358.7464    2.89038       True      False   2.983859        0.1
 06/07/2018 11:57:50    6.76    False     -0.06213488      -0.2032868     -0.03886998      0.02223347      1.5        -1.72597   357.8978   90.76791   358.3851   2.455709       True      False   2.991489        0.1
 06/07/2018 11:57:50    6.78    False     -0.06131053         -0.2017     -0.03559409     -0.01071614      1.5       -1.725528   356.9656   91.33469   358.1078   2.178713       True      False   2.995688        0.1
 06/07/2018 11:57:50     6.8    False     -0.06131053         -0.2017     -0.03559409      -0.0436841      1.5        -1.72476   356.3611   91.91811   358.0764   1.961635       True      False   2.997901        0.1
 06/07/2018 11:57:50    6.82    False     -0.01233746       0.2355648      0.04021543     -0.07665482      1.5       -1.723655   356.2049   93.02657    357.785   1.882282       True      False   2.999018        0.1
 06/07/2018 11:57:50    6.84    False     0.006539173       0.3465129      0.04009262      -0.1096039      1.5       -1.721913   356.2441   93.72505   357.0329   2.008557       True      False   2.999559        0.1
 06/07/2018 11:57:50    6.86    False    -0.002153241       0.3673771      0.04288904      -0.1425321      1.5       -1.719769   356.1898   94.51498   356.2302   2.196052       True      False    2.99981        0.1
 06/07/2018 11:57:50    6.88    False     0.000514881       0.3833266      0.06091692      -0.1754289      1.5       -1.717172   356.7271   95.30573   355.4548   2.404411       True      False   2.999921        0.1
 06/07/2018 11:57:50     6.9    False      0.01515099       0.2101927       0.1413369      -0.2082871      1.5        -1.71412    355.612    95.8593   355.1769   2.446244       True      False   2.999969        0.1
 06/07/2018 11:57:50    6.92    False     -0.05081933       0.1087007     -0.01219988      -0.2411146      1.5       -1.710751   355.2567   96.56068   357.0614   2.247639       True      False   2.999988        0.1
 06/07/2018 11:57:50    6.94    False     -0.04732539      0.09112529      0.04274358      -0.2738985      1.5       -1.706981   355.2377   96.72898   356.6852   2.258362       True      False   2.999995        0.1
 06/07/2018 11:57:50    6.96    False     -0.02351418      -0.3814606     -0.07610196      -0.3066711      1.5       -1.703114   355.4317   96.75365    355.738     2.1462       True      False   2.999998        0.1
 06/07/2018 11:57:50    6.98    False     -0.03104787      -0.3432123      -0.1079499      -0.3394421      1.5       -1.699233   356.0113   96.93687   355.1503   2.325961       True      False          3        0.1
 06/07/2018 11:57:50       7    False     -0.04331028      -0.2254125     -0.02331696      -0.3722005      1.5       -1.695248   356.2684   97.47443    355.055   2.467473       True      False          3        0.1
 06/07/2018 11:57:50    7.02    False     -0.08677247      -0.4552647      0.08720977      -0.4049202      1.5       -1.690955   355.4904   99.21985    356.134   2.457321       True      False          3        0.1
 06/07/2018 11:57:50    7.04    False     -0.08677247      -0.4552647      0.08720977      -0.4374938      1.5       -1.685668   355.4798   99.97906   356.5904   2.566073       True      False          3        0.1
 06/07/2018 11:57:50    7.06    False     -0.03359439      -0.3121075       0.0600828      -0.4699946      1.5       -1.679949   355.6266   100.6122   356.7359    2.65396       True      False          3        0.1
 06/07/2018 11:57:50    7.08    False      0.02524384      -0.2672468      0.04369119      -0.5024301      1.5       -1.673872   355.7237   101.0597   356.5934   2.582741       True      False          3        0.1
 06/07/2018 11:57:50     7.1    False      0.06344877      -0.2413469      0.02696486      -0.5348173      1.5       -1.667541   355.6275   101.3264    356.361   2.639795       True      False          3        0.1
 06/07/2018 11:57:50    7.12    False      0.05861995      -0.1091006      0.01740214      -0.5671746      1.5        -1.66106   355.5943   101.5008    356.041   2.772441       True      False          3        0.1
 06/07/2018 11:57:50    7.14    False     -0.04250313      0.05278849      0.01299637       -0.599512      1.5       -1.654481   355.8536   102.0538   355.1234   2.790417       True      False          3        0.1
 06/07/2018 11:57:50    7.16    False     -0.04250313      0.05278849      0.01299637      -0.6317844      1.5       -1.647589   355.8682   102.5473    354.778   2.461745       True       True          3       0.05
 06/07/2018 11:57:50    7.18    False     -0.08244316       0.1452348     -0.02881456      -0.6533766      1.5       -1.642784   355.8764    103.056   354.8018   2.171321       True       True   2.010961       0.05
 06/07/2018 11:57:50     7.2    False     -0.07986406       0.3228321      -0.0754244      -0.6749254      1.5       -1.637787   356.1915   103.5185   355.0926   2.091143       True      False   2.010961       0.05
 06/07/2018 11:57:50    7.22    False     -0.03923298       0.4106156     -0.08252189      -0.6968479      1.5       -1.632516   356.7928    103.836   355.2726    1.95871       True      False   2.049742       0.05
 06/07/2018 11:57:50    7.24    False       0.0579412       0.1680471     -0.03693246      -0.7195211      1.5       -1.626932   357.6047    103.868   354.7689   1.914061       True      False   2.122801       0.05
 06/07/2018 11:57:50    7.26    False      0.04721147       0.1692572      0.01437081      -0.7432505      1.5       -1.621073   357.6846   103.7016   354.7994   1.770001       True      False   2.221994       0.05
 06/07/2018 11:57:50    7.28    False      0.03261927       0.1572112       0.0652651      -0.7682263      1.5       -1.614984   357.8731   103.4597   354.9797   1.672011       True      False   2.337027       0.05
 06/07/2018 11:57:50     7.3    False      0.03261927       0.1572112       0.0652651      -0.7945131      1.5       -1.608693   357.8951   103.2011   355.1613   1.587875       True      False   2.457204       0.05
 06/07/2018 11:57:50    7.32    False    -0.004348912       0.1280504      0.05637415      -0.8220684      1.5       -1.602229   357.3924   102.9439   355.6837   1.635986       True      False   2.573021       0.05
 06/07/2018 11:57:50    7.34    False     0.008231333       0.5170094      0.02077234      -0.8507703      1.5       -1.595632   356.9881   102.2904   357.3661   1.711248       True      False   2.677296       0.05
 06/07/2018 11:57:50    7.36    False      0.01980484       0.5146335      0.01693611      -0.8804954      1.5       -1.589156   356.9999   101.8581   357.2589   2.175469       True      False   2.765669       0.05
 06/07/2018 11:57:51    7.38    False       0.1275525      0.09601646     -0.07514973      -0.9110312      1.5       -1.582745   356.8963    101.235   356.8099   2.544868       True      False   2.836513       0.05
 06/07/2018 11:57:51     7.4    False        0.103377      0.02061525     -0.03367051      -0.9422164      1.5        -1.57655   357.6533   100.8895   356.7025   2.318052       True      False   2.890411       0.05
 06/07/2018 11:57:51    7.42    False       0.1011447      -0.1230333      0.05313866      -0.9734384      1.5       -1.570544   358.3563   100.5557   356.9847   1.928052       True       True   2.890411       0.05
 06/07/2018 11:57:51    7.44    False       0.1011447      -0.1230333      0.05313866       -1.004695      1.5       -1.564719   358.7328   100.2844   357.5492   1.883038       True      False   2.890411       0.05
 06/07/2018 11:57:51    7.46    False      0.09175048      -0.4137081      0.03284412       -1.036025      1.5       -1.559034   359.2695   100.0941    358.177   1.836814       True      False   2.894708       0.05
 06/07/2018 11:57:51    7.48    False       0.1032135      -0.3584842       0.0135394       -1.067462      1.5       -1.553438 0.03084746   99.64889   359.1385   2.093311       True      False   2.902804       0.05
 06/07/2018 11:57:51     7.5    False       0.1119432      -0.4222283     -0.02928227        -1.09906      1.5       -1.548066   359.5384   99.33387   359.6178   2.294584       True      False   2.913795       0.05
 06/07/2018 11:57:51    7.52    False       0.1059023      -0.3217779     -0.04405281       -1.130826      1.5       -1.542845   359.2621   99.01344   359.8594   2.588762       True      False   2.926541       0.05
 06/07/2018 11:57:51    7.54    False      0.06777633      -0.2262043     -0.03250005       -1.162765      1.5       -1.539916   358.7081    98.5415   359.6513    2.39353       True      False   2.939857       0.05
 06/07/2018 11:57:51    7.56    False     -0.03171283      -0.1808586      0.01284882       -1.194884      1.5       -1.539378   358.2305   98.62979    359.547   2.105101       True      False    2.95269       0.05
 06/07/2018 11:57:51    7.58    False      -0.1279969     -0.05292921      0.04031654       -1.227122      1.5       -1.539257   357.9637   98.80857   359.5724   2.189943       True      False   2.964244       0.05
 06/07/2018 11:57:51     7.6    False      -0.1306779       0.1371415      0.02877296       -1.259344      1.5       -1.539213   358.0801   98.92317   359.6127   2.222257       True       True   2.964244       0.05
 06/07/2018 11:57:51    7.62    False     -0.06154303       0.2475681     -0.01053665       -1.291556      1.5       -1.539191   358.3232   98.95586   359.5963   2.236365       True      False   2.964244       0.05
 06/07/2018 11:57:51    7.64    False     -0.03838632       0.2783413     -0.04110587        -1.32378      1.5       -1.539183   358.9845   99.29127   359.9343     2.3609       True      False   2.965646       0.05
 06/07/2018 11:57:51    7.66    False     -0.05534981       0.2101897     -0.02050745       -1.356003      1.5       -1.539142   359.0461    99.5171 0.02672431   2.225533       True      False   2.968287       0.05
 06/07/2018 11:57:51    7.68    False     -0.05534981       0.2101897     -0.02050745       -1.388244      1.5       -1.539107   358.9666   99.74289 0.05170244   2.077239       True      False   2.971873       0.05
 06/07/2018 11:57:51     7.7    False     -0.05967056       0.1948239     0.001690712       -1.420508      1.5       -1.539073   358.9233   100.0448  0.0578733     1.8652       True      False   2.976032       0.05
 06/07/2018 11:57:51    7.72    False     -0.08209622       0.2362728      0.03371251        -1.45279      1.5       -1.539031   358.8205   100.5783   359.9054   1.738246       True      False   2.980376       0.05
 06/07/2018 11:57:51    7.74    False       -0.152225       0.2373268      0.05843358       -1.485062      1.5       -1.538961   357.7456   102.4414   358.8917   1.748315       True      False   2.984564       0.05
 06/07/2018 11:57:51    7.76    False      -0.1319961       0.3199736       0.0878584       -1.517161      1.5       -1.538736   357.5366   103.6623    358.117   1.804783       True      False   2.988333       0.05
 06/07/2018 11:57:51    7.78    False     -0.08851182      -0.1458515       0.2533322       -1.549137      1.5       -1.530963   359.4435   105.0813   356.7764   2.071827       True      False   2.991528       0.05
 06/07/2018 11:57:51     7.8    False     -0.08851182      -0.1458515       0.2533322       -1.580938      1.5       -1.522394   359.2567    106.485   355.1246   2.080538       True      False   2.994089       0.05
 06/07/2018 11:57:51    7.82    False      -0.0908885      -0.6672332      0.04615179        -1.61254      1.5       -1.513042   357.5903   107.4794    354.758   1.978821       True      False   2.996038       0.05
 06/07/2018 11:57:51    7.84    False     -0.06434858      -0.2116924      0.09872779       -1.643989      1.5       -1.503138   358.5471   109.1999   355.5247   2.367713       True      False   2.997448       0.05
 06/07/2018 11:57:51    7.86    False      -0.0906771      -0.7526143      0.07597272       -1.675137      1.5       -1.492292   357.8438   109.9073   355.2871   2.369215       True      False   2.998421       0.05
 06/07/2018 11:57:51    7.88    False     -0.08848718      -0.3460883      0.01117871       -1.706155      1.5       -1.481059   357.5286   110.5864   355.3848    2.91164       True      False   2.999061       0.05
 06/07/2018 11:57:51     7.9    False      -0.1302116     -0.01874557     -0.03775698       -1.737043      1.5       -1.469457   357.3445   111.1236   355.7516   3.062904       True      False   2.999464       0.05
 06/07/2018 11:57:51    7.92    False      -0.1403989      0.04887952     -0.06557202        -1.76782      1.5       -1.457567   357.2398   111.5593   356.0797   2.845377       True       True   2.999464       0.05
 06/07/2018 11:57:51    7.94    False      -0.1403989      0.04887952     -0.06557202       -1.788389      1.5        -1.44944   357.1148   111.9732   356.1253    2.65693       True       True   2.010601       0.05
 06/07/2018 11:57:51    7.96    False       -0.126571      0.07330737     -0.09431829       -1.797605      1.5       -1.445721   357.2004   112.7532   355.8333   2.385836       True       True  0.9034135       0.05
 06/07/2018 11:57:51    7.98    False      -0.1049861       0.1465749      -0.1044942       -1.817685      1.5         -1.4373   357.6689   113.1596   355.4772   2.313292       True       True   1.979482       0.05
 06/07/2018 11:57:51       8    False     -0.07456886       0.2018071     -0.09996366       -1.837704      1.5       -1.428736     358.44   113.5757   355.1614   2.314015       True      False   1.979482       0.05
 06/07/2018 11:57:51    8.02    False     -0.05148938       0.1828877     -0.07875553       -1.858064      1.5       -1.419851   358.9924   113.9157   355.0814   1.848589       True      False   2.019497       0.05
 06/07/2018 11:57:51    8.04    False     -0.04306917       0.0695787     -0.05647143        -1.87913      1.5       -1.410509   359.1212    114.267   355.1816   1.819784       True      False   2.094881       0.05
 06/07/2018 11:57:51 8.059999    False     -0.04632352     -0.02063645     -0.04458643       -1.901164      1.5       -1.400576   358.9994   114.9898   355.2183   1.136748       True       True   2.197231       0.05
 06/07/2018 11:57:51    8.08    False     -0.04879782     0.009788274     -0.02973666       -1.915848      1.5       -1.393732   359.3113   115.3429   355.0452  0.8112966       True       True   1.472863       0.05
 06/07/2018 11:57:51 8.099999    False     -0.05020424       0.1053296     -0.03099023       -1.925663      1.5       -1.389083   359.8478   115.6318   354.9607  0.8023393       True       True  0.9872898        0.1
 06/07/2018 11:57:51    8.12    False     -0.05059573       0.1746837     -0.01575851       -1.935455      1.5       -1.384385  0.4978942   115.8943    355.092  0.8587894       True      False  0.9872898        0.1
 06/07/2018 11:57:51 8.139999    False     -0.05046286       0.1584907      0.02162907       -1.946006      1.5       -1.379263  0.9713936   116.1653   355.3035  0.9845936       True      False   1.066211        0.1
 06/07/2018 11:57:51    8.16    False     -0.04649269      0.06761128       0.0484982          -1.958      1.5        -1.37337   1.016131   116.6606   355.7918   1.069777       True      False   1.214888        0.1
 06/07/2018 11:57:51 8.179999    False     -0.03477937      0.04671255      0.04683485       -1.971927      1.5       -1.366378  0.8126227    116.745   356.0656  0.9908134       True       True   1.416749        0.1
 06/07/2018 11:57:51     8.2    False     -0.01954897       0.1063837      0.03300742       -1.983322      1.5       -1.360636  0.8974673   116.7962   356.2739  0.8357188       True       True   1.159942        0.1
 06/07/2018 11:57:51    8.22    False     -0.01257704        0.137052      0.05706975       -1.994711      1.5       -1.354883   1.030858   116.8548   356.4189  0.7592148       True      False   1.159942        0.1
 06/07/2018 11:57:51    8.24    False     -0.02015894      0.09925413      0.07847223       -2.006802      1.5       -1.348761  0.7613953   116.8754    356.786  0.8266881       True      False   1.232093        0.1
 06/07/2018 11:57:51    8.26    False      0.01818761      0.02372873       0.1879914       -2.020225      1.5       -1.341959  0.6470648   116.6143   358.4975  0.9053058       True      False   1.368016        0.1
 06/07/2018 11:57:51    8.28    False      0.03024519      -0.3114713       0.1710204       -2.033679      1.5       -1.335217   358.9481   116.3614   358.8763  0.9192463       True       True   1.368016        0.1
 06/07/2018 11:57:51     8.3    False      0.03024519      -0.3114713       0.1710204       -2.047162      1.5       -1.328535   357.2297   116.0543   359.2795   1.125388       True      False   1.368016        0.1
 06/07/2018 11:57:51    8.32    False      0.03901755     -0.08301075       0.1584244       -2.061314      1.5       -1.321617   357.3304   115.9176   359.5969   1.262176       True      False   1.432009        0.1
 06/07/2018 11:57:51    8.34    False      0.07738021     -0.07148154       0.1677311       -2.076674      1.5       -1.314152     358.04   115.7809   359.5892   1.186696       True      False   1.552561        0.1
 06/07/2018 11:57:52    8.36    False       0.0385297     -0.01971542      0.05473217       -2.093674      1.5       -1.305941     359.61   115.5824  0.9195742   1.190566       True       True   1.716238        0.1
 06/07/2018 11:57:52    8.38    False      0.02997664       -0.262969      0.04092502       -2.107615      1.5       -1.299267  0.4232543   115.5164   1.580745   1.163569       True       True   1.405144        0.1
 06/07/2018 11:57:52     8.4    False     0.009049445      -0.5411697      0.01971879       -2.121564      1.5       -1.292609  0.1599627    115.413   1.929343   1.320154       True      False   1.405144        0.1
 06/07/2018 11:57:52    8.42    False     0.009049445      -0.5411697      0.01971879       -2.136146      1.5       -1.285681   359.5913   115.4626   2.221121   1.724272       True      False   1.467678        0.1
 06/07/2018 11:57:52    8.44    False    -0.009862967      -0.4065933      0.02158418       -2.151893      1.5       -1.278183   358.8741   115.5992   2.250477   2.166187       True      False   1.585488        0.1
 06/07/2018 11:57:52    8.46    False     0.003381941     -0.08580565      0.04781623       -2.169208      1.5       -1.269887   357.5783   116.0397   1.723222   2.549052       True      False   1.745439        0.1
 06/07/2018 11:57:52    8.48    False      0.01484258       0.1173245      0.01186414       -2.188292      1.5       -1.260562   357.2444   116.2656   1.676482   2.323386       True      False   1.930933        0.1
 06/07/2018 11:57:52     8.5    False     0.006461916       0.3207763     -0.03224571       -2.209251      1.5        -1.25022   357.4121   116.6019   1.742991    2.12924       True      False   2.124721        0.1
 06/07/2018 11:57:52    8.52    False     0.006066239       0.3189735     -0.03649419       -2.231986      1.5       -1.238834   357.9695   117.0317   1.766579   2.367005       True      False   2.311481        0.1
 06/07/2018 11:57:52    8.54    False     -0.01865735        0.423266     -0.08648356       -2.256282      1.5       -1.226438   358.9767   117.6049    1.58941   2.614497       True      False   2.479628        0.1
 06/07/2018 11:57:52 8.559999    False     -0.03682407       0.4278587      -0.1094427       -2.281842      1.5       -1.213072   1.233783   118.9208  0.8139112   3.018048       True      False   2.622132        0.1
 06/07/2018 11:57:52    8.58    False     -0.02623471       0.3020288     -0.06914051       -2.308188      1.5       -1.198516   1.702976   119.5201  0.5096548   3.182938       True      False    2.73637        0.1
 06/07/2018 11:57:52 8.599999    False     -0.01590571      0.08880379     -0.01273485       -2.335212      1.5       -1.183214   1.573014   120.1097  0.3549684   2.943797       True      False   2.823284        0.1
 06/07/2018 11:57:52    8.62    False     -0.01685235     -0.05666605      0.03579128       -2.362677      1.5       -1.167287   1.376629   120.7639  0.2812159   2.491431       True      False   2.886188        0.1
 06/07/2018 11:57:52 8.639999    False     -0.01636918     -0.01761496      0.08268415       -2.389957      1.5       -1.151048   1.311851   121.4599 0.03089806   2.141504       True       True   2.886188       0.05
 06/07/2018 11:57:52    8.66    False     0.008034808      0.05619022      0.07886565        -2.40811      1.5       -1.139941   1.115965   122.1287   359.5261   2.073313       True       True   1.934689       0.05
 06/07/2018 11:57:52 8.679999    False      0.02816953       0.1221722      0.04926591       -2.420191      1.5       -1.132354  0.5276421   123.5546   358.2622   2.012179       True       True   1.296861        0.1
 06/07/2018 11:57:52     8.7    False      0.04027301       0.2226064      0.04070513        -2.43208      1.5       -1.124469  0.7767048   124.3479   357.6267   1.813575       True      False   1.296861        0.1
 06/07/2018 11:57:52    8.72    False      0.04694428       0.2293838      0.09922627       -2.444464      1.5       -1.116006   1.317731     125.14   356.9856   1.717208       True      False   1.363644        0.1
 06/07/2018 11:57:52    8.74    False      0.03672354    -0.001143536       0.1594283       -2.457862      1.5       -1.106576   359.6862    125.818    356.777   1.523325       True      False   1.489456        0.1
 06/07/2018 11:57:52    8.76    False     -0.02065253      0.01086656      0.02172419       -2.471147      1.5       -1.096987   358.2263   126.4189   357.3605    1.09661       True       True   1.489456        0.1
 06/07/2018 11:57:52    8.78    False      0.08042794      -0.0357539     -0.01322864       -2.481941      1.5       -1.089024   359.0248   126.4748   358.6259   0.805448       True       True   1.219458        0.1
 06/07/2018 11:57:52     8.8    False      0.08042794      -0.0357539     -0.01322864       -2.489172      1.5       -1.083678   358.3599   126.2614   358.0871  0.7523981       True       True  0.8174271        0.1
 06/07/2018 11:57:52    8.82    False      0.01527302      -0.3834374     -0.08589932       -2.493151      1.5        -1.08076    358.827   126.3247   357.4565   0.731486       True       True  0.4486116        0.1
 06/07/2018 11:57:52    8.84    False     -0.07187638      -0.1619887     -0.02441838       -2.497127      1.5       -1.077837   359.5537   126.6421   357.2283   1.097308       True      False  0.4486116        0.1
 06/07/2018 11:57:52    8.86    False      -0.1193914      -0.2379126      0.02502896       -2.501969      1.5       -1.074235   359.7729   127.1962   357.3168   1.203107       True      False  0.5486553        0.1
 06/07/2018 11:57:52    8.88    False     -0.09050385      -0.3718638      0.02319411       -2.508428      1.5       -1.069333   359.0159    128.552    358.375   1.318847       True      False  0.7371234        0.1
 06/07/2018 11:57:52     8.9    False     -0.03353695      -0.2711403    -0.009369041        -2.51697      1.5       -1.062525   358.7415    129.136   358.6836   1.468105       True      False  0.9930102        0.1
 06/07/2018 11:57:52    8.92    False     -0.03353695      -0.2711403    -0.009369041       -2.527975      1.5       -1.053571   358.5881   129.5804   358.5658   1.509861       True      False   1.289756        0.1
 06/07/2018 11:57:52    8.94    False      0.02171437      -0.2549191     -0.01229002       -2.541538      1.5       -1.042358   358.6168   129.8203   358.0965   1.779858       True      False   1.599772        0.1
 06/07/2018 11:57:52    8.96    False      0.05115603      -0.2758222    -0.009102146       -2.557578      1.5       -1.028985   358.6078   130.0331   357.5743    2.02391       True      False   1.898541        0.1
 06/07/2018 11:57:52    8.98    False      0.01168088       0.0296552     -0.02116868       -2.575834      1.5       -1.013648   359.3416   130.5296     356.71   2.263978       True      False   2.167536        0.1
 06/07/2018 11:57:52       9    False     0.004254925      0.08490629     -0.05007724       -2.593956      1.5      -0.9981539   359.7569   130.7966   356.5384    2.25788       True       True   2.167536       0.05
 06/07/2018 11:57:52    9.02    False     0.004414882      0.05965622     -0.06357762       -2.612006      1.5      -0.9825755   359.8908   131.0229   356.6988   1.959349       True      False   2.167536       0.05
 06/07/2018 11:57:52    9.04    False     -0.01245228      0.07315771     -0.04224762       -2.629994      1.5       -0.966926   359.6879   131.2072   357.0432   1.857016       True       True   2.167536       0.05
 06/07/2018 11:57:52 9.059999    False     -0.01245228      0.07315771     -0.04224762       -2.648461      1.5      -0.9507548   359.4371    131.356   357.2865   1.692261       True       True   2.231539       0.05
 06/07/2018 11:57:52    9.08    False     -0.01527911       0.1839832    -0.007010703       -2.667604      1.5      -0.9339042   358.6171   131.4179   357.2477   1.393555       True       True   2.318435       0.05
 06/07/2018 11:57:52 9.099999    False     -0.01413806       0.1830351     -0.01142552       -2.686729      1.5       -0.917033   358.2721   131.3568   356.9137   1.306398       True      False   2.318435       0.05
 06/07/2018 11:57:52    9.12    False     -0.02477801       0.2681682      0.02439008       -2.706092      1.5      -0.8999878   358.2422   131.3345   356.6709   1.218292       True      False   2.345159       0.05
 06/07/2018 11:57:52 9.139999    False     -0.05171883       0.3739378      0.06602328       -2.725878      1.5      -0.8825845   358.5052   131.3954   356.8102   1.231542       True      False   2.395506       0.05
 06/07/2018 11:57:52    9.16    False     -0.07007136       0.4168304       0.1056801       -2.746209      1.5      -0.8646629   358.2956   131.6062   357.2488   1.329657       True      False   2.463861       0.05
 06/07/2018 11:57:52 9.179999    False     -0.06776026       0.4420358      0.03240365       -2.767126      1.5      -0.8460877   356.6729   131.8398   358.6532   1.716832       True      False   2.543132       0.05
 06/07/2018 11:57:52     9.2    False     -0.03466724       0.5810408     -0.01648108       -2.788646      1.5      -0.8268197   356.5889   131.9141   359.1066   2.073961       True      False   2.625948       0.05
 06/07/2018 11:57:52    9.22    False      0.02125336       0.6248804       0.1331454       -2.810795      1.5      -0.8069373    356.624   131.9946   358.9047   2.595346       True      False    2.70576       0.05
 06/07/2018 11:57:52    9.24    False      0.05318974       0.3067535      0.05907904       -2.833502      1.5      -0.7864949   357.5297   132.1803   358.6035   3.147069       True      False   2.777619       0.05
 06/07/2018 11:57:52    9.26    False      0.03474791    -0.001182921      0.09650837        -2.85664      1.5      -0.7655293   358.2765   132.5553   358.6087   3.380664       True      False   2.838518       0.05
 06/07/2018 11:57:52    9.28    False      0.09374002      -0.4253979      0.09165616        -2.87964      1.5      -0.7444126   358.4765   133.1275   359.7668   3.197864       True       True   2.838518       0.05
 06/07/2018 11:57:52     9.3    False      0.09374002      -0.4253979      0.09165616       -2.902428      1.5      -0.7230673   358.6414   133.1113   359.7709   3.440227       True      False   2.838518       0.05
 06/07/2018 11:57:52    9.32    False       0.1683006      -0.6206668      0.05096922       -2.925273      1.5      -0.7016809    358.626   132.9206     359.65   3.597456       True      False    2.84485       0.05
 06/07/2018 11:57:52    9.34    False       0.1644164       -0.711291      0.02356246       -2.948286      1.5      -0.6802812   358.7082   132.8175   359.6886   3.844186       True      False   2.856778       0.05
 06/07/2018 11:57:52    9.36    False       0.1295538       -0.633979      0.03750916       -2.971467      1.5      -0.6588019    358.727   132.7559   359.6263   4.138646       True      False   2.872974       0.05
 06/07/2018 11:57:53    9.38    False       0.1069116      -0.6074872      0.06745879       -2.994823      1.5      -0.6372073   358.6463   132.6745   359.5937   4.330589       True      False   2.891756       0.05
 06/07/2018 11:57:53     9.4    False      0.04240774      -0.4209397       0.1044493       -3.018368      1.5      -0.6154997   357.6185   132.3967   359.8332   4.357036       True      False   2.911377       0.05
 06/07/2018 11:57:53    9.42    False      0.04240774      -0.4209397       0.1044493       -3.042172      1.5      -0.5937662   357.0622   132.4086   359.8958   4.153095       True      False   2.930287       0.05
 06/07/2018 11:57:53    9.44    False     0.009416385      -0.2101003        0.092058        -3.06611      1.5      -0.5719014   356.5912   132.4738   359.8038   4.267281       True      False   2.947312       0.05
 06/07/2018 11:57:53    9.46    False    -0.006259417      0.04039933      0.04338618        -3.09014      1.5      -0.5499022   356.2963   132.5988   359.6175   4.476198       True      False    2.96174       0.05
 06/07/2018 11:57:53    9.48    False    -0.003007731       0.2925982     -0.01829129       -3.114122      1.5      -0.5278507   356.4072   132.7245   359.4135   4.091199       True       True    2.96174       0.05
 06/07/2018 11:57:53     9.5    False      0.04620145       0.5323802       -0.156316       -3.138055      1.5      -0.5057466   357.5805   132.6974   359.4043     3.9584       True      False    2.96174       0.05
 06/07/2018 11:57:53    9.52    False      0.04373077       0.4615873      -0.1460289       -3.162011      1.5      -0.4836426   358.2637   132.6082   359.3891   3.870113       True      False   2.963241       0.05
 06/07/2018 11:57:53    9.54    False     0.002929414       0.3212288     -0.09373417       -3.186024      1.5      -0.4615549   358.6862   132.5828   359.2707   3.620409       True      False   2.966067       0.05
 06/07/2018 11:57:53 9.559999    False     0.002929414       0.3212288     -0.09373417       -3.210078      1.5      -0.4394493   358.8221   132.7182    359.049   3.307659       True      False   2.969904       0.05
 06/07/2018 11:57:53    9.58    False     -0.04371949       0.2080974     -0.02491825       -3.234116      1.5      -0.4172537   358.8039   133.0704   358.7143   3.021401       True      False   2.974354       0.05
 06/07/2018 11:57:53 9.599999    False     -0.07048317       0.2223276       0.0653025       -3.258054      1.5      -0.3948759   358.8671   134.2227   357.8549   2.808558       True      False   2.979003       0.05
 06/07/2018 11:57:53    9.62    False     -0.05890708       0.3037822      0.04286312       -3.281573      1.5      -0.3719867   358.7762   134.9208   357.3855   2.609946       True      False   2.983483       0.05
 06/07/2018 11:57:53 9.639999    False     -0.04318285       0.3765215      0.04787681       -3.304843      1.5      -0.3487815   358.7777   135.6533   356.9178   2.703629       True      False   2.987517       0.05
 06/07/2018 11:57:53    9.66    False      0.01382472      0.01745509       0.2453507        -3.32784      1.5      -0.3252537 0.01254941   136.4324   356.3607   3.039751       True      False   2.990935       0.05
 06/07/2018 11:57:53 9.679999    False      0.01382472      0.01745509       0.2453507       -3.350515      1.5      -0.3014154    359.946   137.1731   355.6682   2.764608       True       True   2.990935       0.05
 06/07/2018 11:57:53     9.7    False     -0.04023499      -0.5840437      0.04830071       -3.365507      1.5      -0.2852408   356.5392   138.4708   356.9533   2.249683       True       True   2.004904       0.05
 06/07/2018 11:57:53 9.719999    False     -0.05190453      0.06661488      0.03426133       -3.380129      1.5      -0.2687308   356.2396   139.0356   357.4778   2.372139       True      False   2.004904       0.05
 06/07/2018 11:57:53    9.74    False    -0.009147102       0.1777288    -0.002349818       -3.394869      1.5      -0.2517534   356.4838   139.5714   357.2256   2.117525       True       True   2.043921       0.05
 06/07/2018 11:57:53    9.76    False      0.01370906      -0.1930551     -0.04699161       -3.409449      1.5      -0.2346389   356.9576   139.9316   356.7357   1.974025       True      False   2.043921       0.05
 06/07/2018 11:57:53    9.78    False      0.02925139      -0.3419577     -0.06144001       -3.424187      1.5      -0.2171175   357.8198   140.0897    356.745   1.958983       True      False    2.08141       0.05
 06/07/2018 11:57:53     9.8    False      0.05972046      -0.1629312      -0.1011147       -3.439375      1.5      -0.1989596  0.3659985    140.226   356.5277   2.078613       True      False   2.152035       0.05
 06/07/2018 11:57:53    9.82    False      0.07358007      -0.2810778     -0.08066788       -3.455194      1.5      -0.1799549   1.019578   140.4574   355.9724   1.937762       True      False   2.247923       0.05
 06/07/2018 11:57:53    9.84    False      0.02317652      -0.5169469     -0.05601223       -3.471715      1.5      -0.1599433   1.355917   140.8557   355.6732   1.842318       True      False   2.359122       0.05
 06/07/2018 11:57:53    9.86    False     -0.01413964      -0.4156362     -0.05929103       -3.488904      1.5      -0.1388262   1.906681   141.2085   355.7029    2.34181       True      False   2.475294       0.05
 06/07/2018 11:57:53    9.88    False    -0.005271233      -0.1814979     -0.06499103       -3.506734      1.5      -0.1166438   2.233832   141.4119   355.9022   2.739991       True      False   2.587251       0.05
 06/07/2018 11:57:53     9.9    False     -0.01440285      0.07195105     -0.03646508       -3.525176      1.5     -0.09353152   2.540736   141.7667   356.6225   2.337445       True      False   2.688051       0.05
 06/07/2018 11:57:53    9.92    False     -0.01440285      0.07195105     -0.03646508       -3.544057      1.5     -0.06956735   2.604922   141.9462     356.86   2.342782       True       True   2.773479       0.05
 06/07/2018 11:57:53    9.94    False     -0.02522782       0.1409183      -0.0085123       -3.563326      1.5     -0.04495095   2.587539   142.1179   356.8698   2.237004       True       True   2.841962       0.05
 06/07/2018 11:57:53    9.96    False     -0.03515129       0.1687601      0.01374648       -3.582522      1.5     -0.02027694   2.711359   142.2901   356.7672   2.184867       True      False   2.841962       0.05
 06/07/2018 11:57:53    9.98    False     -0.04691452       0.1836453      0.03726692       -3.601686      1.5     0.004508598   2.832041   142.4706   356.7195   2.011669       True      False   2.848159       0.05
 06/07/2018 11:57:53      10    False     -0.07171881       0.2471184      0.06777267       -3.620849      1.5      0.02945622    3.33592   142.8399   356.9215   2.032383       True      False   2.859833       0.05
 06/07/2018 11:57:53   10.02    False      -0.0571067       0.2784205      0.06950633       -3.639956      1.5      0.05466577   3.868912   142.9586    357.065   1.998424       True      False   2.875683       0.05
 06/07/2018 11:57:53   10.04    False     -0.04128858       0.2162767      0.06692796       -3.659133      1.5      0.08007625   4.525473   143.0118   357.1873   1.759897       True      False   2.894064       0.05
 06/07/2018 11:57:53   10.06    False     -0.04128858       0.2162767      0.06692796       -3.678414      1.5       0.1056733   5.185713   143.0421   357.2982   1.560538       True      False   2.913267       0.05
 06/07/2018 11:57:53   10.08    False     -0.04653758       0.1201521      0.07010236       -3.697803      1.5       0.1314431   5.771567   143.1381   357.5475   1.595317       True      False   2.931773       0.05
 06/07/2018 11:57:53    10.1    False     -0.05812665      0.09346643      0.07243746       -3.717259      1.5       0.1573921     6.4448   143.2048   357.9971   1.643518       True      False   2.948436       0.05
 06/07/2018 11:57:53   10.12    False     -0.05889076       -0.324241     -0.08193433       -3.736778      1.5       0.1834881   7.656536   142.9389     358.12   1.665033       True      False   2.962557       0.05
 06/07/2018 11:57:53   10.14    False     -0.06791301      -0.4290114      -0.0104182       -3.756493      1.5       0.2095926    7.62814   142.9708   357.4626   1.848356       True      False   2.973877       0.05
 06/07/2018 11:57:53   10.16    False     -0.06178825      -0.2043376      0.01021563        -3.77625      1.5       0.2357836   7.390165   143.1888   357.3559   2.108607       True      False   2.982489       0.05
 06/07/2018 11:57:53   10.18    False     -0.06178825      -0.2043376      0.01021563       -3.795949      1.5       0.2621046   7.316517   143.3178   357.3982   2.129299       True      False   2.988722       0.05
 06/07/2018 11:57:53    10.2    False      -0.0538839     -0.04216855     -0.03112068       -3.815616      1.5       0.2885077    7.65728   143.4613   357.8014   2.086519       True      False   2.993021       0.05
 06/07/2018 11:57:53   10.22    False      0.04086869       0.2534136    -0.004739598       -3.835218      1.5       0.3149601   9.008337   143.8817   359.6311   1.850267       True       True   2.993021       0.05
 06/07/2018 11:57:53   10.24    False      -0.0394037      0.04879015    -0.004607086       -3.854625      1.5       0.3415555   8.485217   143.7935  0.3790556   1.887404       True      False   2.993021       0.05
 06/07/2018 11:57:53   10.26    False       -0.026448      0.04799175    0.0008453501       -3.874072      1.5       0.3681211   7.484466   143.9065   359.7766   1.719917       True       True   2.993021       0.05
 06/07/2018 11:57:53   10.28    False      0.03000055     -0.03830286      0.07294411       -3.887073      1.5        0.385954   8.416639   144.1064   358.8864   1.647757       True       True   2.006264       0.05
 06/07/2018 11:57:53    10.3    False      0.08301267       0.2525493      0.02120698       -3.892887      1.5       0.3939872   9.669123   144.3088   358.4594   1.592593       True       True  0.9014732       0.05
 06/07/2018 11:57:53   10.32    False       0.0327065       0.2676923      0.06720991       -3.898672      1.5       0.4020408   11.75189   144.4565   358.8015   1.520902       True      False  0.9014732       0.05
 06/07/2018 11:57:53   10.34    False      0.03836222      0.07438293      0.03210684       -3.904963      1.5       0.4108459   11.80115   144.3896   358.8566   1.359583       True      False  0.9837556       0.05
 06/07/2018 11:57:53   10.36    False      0.03453086      -0.3037545     0.008163229       -3.912256      1.5       0.4210299   11.39219   144.3115   358.5097   1.229628       True       True   1.138772       0.05
 06/07/2018 11:57:54   10.38    False      0.02578925      -0.2809516      0.01101884       -3.919564      1.5       0.4312039   11.60467   144.0018   359.0089   1.329045       True      False   1.138772       0.05
 06/07/2018 11:57:54    10.4    False      0.09607017      0.07032167     -0.06192277       -3.927398      1.5       0.4419878   12.00013   143.8189   359.5771   1.567828       True      False   1.211753       0.05
 06/07/2018 11:57:54   10.42    False      -0.0182727    -0.008145371     -0.03894905        -3.93616      1.5       0.4539673   11.83563   143.5318   359.9684   1.384736       True       True    1.34924       0.05
 06/07/2018 11:57:54   10.44    False    -0.008696849     -0.09195899     -0.01083476       -3.943383      1.5       0.4637392     11.788   143.2823    359.919   1.344091       True       True   1.104659        0.1
 06/07/2018 11:57:54   10.46    False     -0.01702309      -0.0968489     -0.04426964       -3.950647      1.5       0.4734795   11.76233   143.0856   359.9405   1.388058       True      False   1.104659        0.1
 06/07/2018 11:57:54   10.48    False     -0.01814281      -0.0281218     -0.06111503       -3.958437      1.5       0.4838485   11.60974   143.2589 0.008256721   1.446604       True      False   1.178978        0.1
 06/07/2018 11:57:54    10.5    False      0.03222583     -0.01843457      0.02871273       -3.966195      1.5        0.494241   11.22817   143.4184   359.7457   1.222177       True       True   1.178978        0.1
 06/07/2018 11:57:54   10.52    False      -0.1679667     -0.06855468       -1.554368       -3.972522      1.5       0.5027672   12.06595   144.2589   359.8093  0.9729191       True       True  0.9652614        0.1
 06/07/2018 11:57:54   10.54    False      -0.1679667     -0.06855468       -1.554368       -3.980658      1.5       0.5140714   10.19196   142.5739    359.807  0.9670908       True       True    1.26611        0.1
 06/07/2018 11:57:54   10.56    False     -0.06750397       0.3367413       -2.507307       -3.991223      1.5       0.5278771    11.9321   143.2592 0.03014254   0.731891       True       True   1.580412        0.1
 06/07/2018 11:57:54   10.58    False     -0.02285923       0.7100446      -0.4732296       -4.001623      1.5       0.5418082   12.56371   143.5955 0.06853818  0.7876806       True      False   1.580412        0.1
 06/07/2018 11:57:54    10.6    False     -0.06550722       0.2372572       0.1192237       -4.012303      1.5       0.5562929   12.14917   143.9601    359.962   1.427404       True      False   1.636076        0.1
 06/07/2018 11:57:54   10.62    False     -0.01896838      -0.2533373      0.07249215       -4.023571      1.5        0.571778   12.52717   144.5856   359.7008   1.656515       True      False   1.740939        0.1
 06/07/2018 11:57:54   10.64    False     -0.01432754     -0.05680142       0.1667684       -4.035575      1.5       0.5886616   12.64277    144.827   359.6389   1.817894       True      False   1.883314        0.1
 06/07/2018 11:57:54   10.66    False     -0.01216867      -0.1973301        0.117091       -4.047509      1.5       0.6055955   12.62812   144.9889   358.5939   1.777846       True       True   1.883314        0.1
 06/07/2018 11:57:54   10.68    False     -0.01216867      -0.1973301        0.117091       -4.059395      1.5       0.6225631   12.53017   145.3755   358.3225   1.947055       True      False   1.883314        0.1
 06/07/2018 11:57:54    10.7    False     -0.02641872      0.05976008      0.08748055       -4.071439      1.5       0.6400069   12.57219   145.6718   358.4663    2.12595       True      False   1.927099        0.1
 06/07/2018 11:57:54   10.72    False      0.05561609     -0.03533758      -0.2211264       -4.083394      1.5       0.6575127   12.66687   146.0947   358.3697   2.117156       True       True   1.927099        0.1
 06/07/2018 11:57:54   10.74    False      0.08021057      0.07047629       -0.241585       -4.093075      1.5       0.6719172    12.7762   146.1712   358.2817   2.083939       True       True   1.577783        0.1
 06/07/2018 11:57:54   10.76    False      0.07608088     -0.04552029       0.6133826       -4.104025      1.5       0.6882561   13.14712    146.138   358.4696   1.817674       True       True   1.788067        0.1
 06/07/2018 11:57:54   10.78    False      0.02179473     -0.01670229       0.2063668       -4.110039      1.5       0.6972196   12.83815   146.3896   358.4959   1.153149       True       True  0.9813076        0.1
 06/07/2018 11:57:54    10.8    False      0.02179473     -0.01670229       0.2063668       -4.112724      1.5       0.7012589   13.12961   146.6955    358.671  0.9325945       True       True  0.4409303        0.1
 06/07/2018 11:57:54   10.82    False     -0.01805886       0.2048738      -0.2414193       -4.114339      1.5       0.7037175   14.60877   147.2807   359.3761  0.6959594       True       True  0.2674372        0.2
 06/07/2018 11:57:54   10.84    False     -0.01378981       0.2014747      -0.2318543        -4.11593      1.5       0.7061926   14.93061   147.5688   359.1973  0.8440318       True      False  0.2674372        0.2
 06/07/2018 11:57:54   10.86    False      0.01406923     -0.04765809         0.37008       -4.118139      1.5       0.7096704   15.03561    147.739    358.668  0.8481764       True      False   0.374585        0.2
 06/07/2018 11:57:54   10.88    False      0.04012331      -0.1209228      0.05834603       -4.120338      1.5       0.7131547   15.29804   147.8512   358.3935  0.6985043       True       True   0.374585        0.2
 06/07/2018 11:57:54    10.9    False      0.04344124     -0.04705681      0.04762918       -4.122531      1.5       0.7166434   15.58462   147.8085   358.5087   0.759667       True      False   0.374585        0.2
 06/07/2018 11:57:54   10.92    False      0.05798103    -0.008479223    -0.003879527       -4.124726      1.5       0.7201304   15.82293   147.7699   358.8079  0.7713862       True       True   0.374585        0.2
 06/07/2018 11:57:54   10.94    False      0.03333193      -0.0505655      0.04632327       -4.126715      1.5       0.7232842   15.43934   148.0036   358.5407  0.7093892       True       True  0.3389377        0.2
 06/07/2018 11:57:54   10.96    False    -0.004260319     -0.09923974      0.07246178       -4.128332      1.5        0.725873   15.59733   148.4188   358.6205  0.7144343       True       True  0.2774988        0.2
 06/07/2018 11:57:54   10.98    False     -0.06994564     0.005369824      0.07362303       -4.129931      1.5       0.7284734   15.93866   148.9603   358.8448  0.7969718       True      False  0.2774988        0.2
 06/07/2018 11:57:54      11    False       -0.116589      0.08109225       0.1238655       -4.131505      1.5       0.7310888   16.31873   149.2657   359.0914  0.7856393       True       True  0.2774988        0.2
 06/07/2018 11:57:54   11.02    False      0.01564893      0.07481724      0.04224122       -4.133065      1.5       0.7337126   16.54357   149.5005   359.1318  0.6618578       True      False  0.2774988        0.2
 06/07/2018 11:57:54   11.04    False       0.0285321      0.01075988      0.08447464       -4.135211      1.5       0.7373545    16.9777   149.8852   359.2567  0.5352004       True       True   0.384247        0.2
 06/07/2018 11:57:54   11.06    False      0.03873161      0.02305821       0.2093983       -4.137129      1.5       0.7406627   17.35229   150.1904   359.2244  0.4983022       True       True  0.3476802        0.2
 06/07/2018 11:57:54   11.08    False     -0.01343734      0.04605457       0.2407097       -4.138686      1.5       0.7433796   17.77722   150.5548   359.1302  0.4004376       True       True  0.2846566        0.2
 06/07/2018 11:57:54    11.1    False     -0.05686504      0.09713724       0.1323396       -4.139826      1.5       0.7453996   18.42576   150.8073   358.9894  0.3994354       True       True  0.2108783        0.2
 06/07/2018 11:57:54   11.12    False     -0.04539904       0.0321286     0.002478796       -4.139826      1.5       0.7453996   18.99328   151.0735   359.0367  0.4965726      False       True          0        0.2
 06/07/2018 11:57:54   11.14    False       0.1852321      -0.0630845      0.09461509       -4.139826      1.5       0.7453996   19.76016   151.6373    358.764  0.4965726      False       True          0        0.2
 06/07/2018 11:57:54   11.16    False       0.4163871      -0.1677334      0.01386361       -4.139826      1.5       0.7453996   20.19934   151.9189    358.685  0.4965726      False       True          0        0.2
 06/07/2018 11:57:54   11.18    False       0.4163871      -0.1677334      0.01386361       -4.139826      1.5       0.7453996   20.63825   152.2003   358.6081  0.6643061       True      False          0        0.2
 06/07/2018 11:57:54    11.2    False       0.3698861     -0.08708494      0.06190797       -4.140429      1.5       0.7465442   21.07705   152.4815   358.5334  0.8320395       True      False  0.1176288        0.2
 06/07/2018 11:57:54   11.22    False       0.2248275      0.02152403        0.187897       -4.142154      1.5       0.7498536   21.07705   152.4815   358.5334  0.9191245       True      False  0.3392358        0.2
 06/07/2018 11:57:54   11.24    False       0.1219258      0.01959522       0.1926921       -4.143878      1.5        0.753163   21.07705   152.4815   358.5334  0.9406485       True       True  0.3392358        0.2
 06/07/2018 11:57:54   11.26    False      -0.1240964       0.1456293       0.1428082       -4.145438      1.5       0.7561575   21.07705   152.4815   358.5334  0.9602437       True       True  0.3069525        0.2
 06/07/2018 11:57:54   11.28    False      -0.1240964       0.1456293       0.1428082       -4.146998      1.5        0.759152   21.07705   152.4815   358.5334   1.105873       True      False  0.3069525        0.2
 06/07/2018 11:57:54    11.3    False     -0.04790395      0.08090957       0.1044227       -4.149095      1.5       0.7631766   21.07705   152.4815   358.5334   1.251502       True      False  0.4125508        0.2
 06/07/2018 11:57:54   11.32    False     -0.04790395      0.08090957       0.1044227       -4.152203      1.5        0.769142   21.07705   152.4815   358.5334   1.332412       True      False  0.6114877        0.2
 06/07/2018 11:57:55   11.34    False     -0.03201303      0.08611674       0.2130933       -4.156683      1.5       0.7777422   21.07705   152.4815   358.5334   1.413321       True      False  0.8815815        0.2
 06/07/2018 11:57:55   11.36    False     -0.03201303      0.08611674       0.2130933       -4.156683      1.5       0.7777422   21.07705   152.4815   358.5334   1.499438      False      False          0        0.2
 06/07/2018 11:57:55   11.38    False     -0.01835719       0.2041671       0.3443662       -4.156683      1.5       0.7777422   21.07705   152.4815   358.5334   1.499438      False      False          0        0.2
 06/07/2018 11:57:55    11.4    False     -0.01835719       0.2041671       0.3443662       -4.156683      1.5       0.7777422   21.07705   152.4815   358.5334   1.499438      False      False          0        0.2
 06/07/2018 11:57:55   11.42    False       -0.216087       0.3132912       0.2909674       -4.156683      1.5       0.7777422          0          0          0   1.499438      False      False          0        0.2
 06/07/2018 11:57:55   11.44    False       -0.216087       0.3132912       0.2909674       -4.156683      1.5       0.7777422          0          0          0   1.499438      False      False          0        0.2
 06/07/2018 11:57:55   11.46    False      -0.2327287       0.3012714       0.2495024       -4.156683      1.5       0.7777422          0          0          0   1.499438      False      False          0        0.2
 06/07/2018 11:57:55   11.48    False      -0.3642968       0.1751613       0.2275602       -4.156683      1.5       0.7777422          0          0          0   1.499438      False      False          0        0.2
 06/07/2018 11:57:55    11.5    False      -0.3642968       0.1751613       0.2275602       -4.156683      1.5       0.7777422          0          0          0   1.499438      False      False          0        0.2
 06/07/2018 11:57:55   11.52    False      -0.4214763       0.1276541       0.1106253       -4.156683      1.5       0.7777422          0          0          0   1.499438      False      False          0        0.2
 06/07/2018 11:57:55   11.54    False      -0.4573465       0.1427853       0.0551202       -4.156683      1.5       0.7777422          0          0          0   1.499438      False      False          0        0.2
 06/07/2018 11:57:55   11.56    False      -0.3801546       0.1384054    -0.002453754       -4.156683      1.5       0.7635921          0          0          0   1.642224       True      False   1.286375        0.2
 06/07/2018 11:57:55   11.58    False      -0.1745378      0.08185187      -0.2160137       -4.156683      1.5       0.7409371          0          0          0   1.780629       True      False   2.059543        0.2
 06/07/2018 11:57:55    11.6    False     -0.01161077     -0.01674236      -0.1724448       -4.156683      1.5        0.713392          0          0          0   1.862481       True      False   2.504105        0.2
 06/07/2018 11:57:55   11.62    False     -0.06570072      0.08227782      -0.4723306       -4.156683      1.5       0.6858468          0          0          0   1.879223       True       True   2.504105       0.05
 06/07/2018 11:57:55   11.64    False     -0.06570072      0.08227782      -0.4723306       -4.156683      1.5       0.6583017          0          0          0   1.961501       True      False   2.504105       0.05
 06/07/2018 11:57:55   11.66    False      0.01818175       0.1321258      -0.6208832       -4.156683      1.5       0.6305426          0          0          0   2.043779       True      False   2.523549       0.05
 06/07/2018 11:57:55   11.68    False       0.2551615      0.08723825      -0.5675501       -4.156683      1.5       0.6023806          0          0          0   2.175905       True      False    2.56018       0.05
 06/07/2018 11:57:55    11.7    False       0.4450727     -0.01567975      -0.5756693       -4.156683      1.5       0.5736716          0          0          0   2.263143       True      False   2.609914       0.05
 06/07/2018 11:57:55   11.72    False        0.456631     -0.08575382      -0.4916101       -4.156683      1.5       0.5449625          0          0          0   2.278823       True       True   2.609914       0.05
 06/07/2018 11:57:55   11.74    False       0.2803033     -0.07693335      -0.1378761       -4.156683      1.5       0.5162535          0          0          0   2.221792       True      False   2.609914       0.05
 06/07/2018 11:57:55   11.76    False       0.1830683      -0.1798964     -0.07520185       -4.156683      1.5       0.4873762          0          0          0    2.16032       True      False    2.62521       0.05
 06/07/2018 11:57:55   11.78    False       0.1830683      -0.1798964     -0.07520185       -4.156683      1.5       0.4581819          0          0          0   2.258364       True      False   2.654025       0.05
 06/07/2018 11:57:55    11.8    False       0.1387857     -0.05748864      -0.1513623       -4.156683      1.5       0.4285572          0          0          0   2.421518       True      False   2.693148       0.05
 06/07/2018 11:57:55   11.82    False       0.1387857     -0.05748864      -0.1513623       -4.156683      1.5       0.3989326          0          0          0   2.396729       True       True   2.693148       0.05
 06/07/2018 11:57:55   11.84    False      0.03098918      -0.0410099      -0.1000369       -4.156683      1.5       0.3790744          0          0          0    2.37194       True       True   1.805289       0.05
 06/07/2018 11:57:55   11.86    False      0.06720641     -0.07978539      -0.1697857       -4.156683      1.5       0.3657631          0          0          0   2.280824       True       True   1.210122        0.1
 06/07/2018 11:57:55   11.88    False       0.1188385      -0.1321152      -0.1765256       -4.156683      1.5       0.3524518          0          0          0   2.273371       True      False   1.210122        0.1
 06/07/2018 11:57:55    11.9    False       0.1418966      -0.1514151      -0.0819453       -4.156683      1.5       0.3383684          0          0          0   2.389806       True      False   1.280306        0.1
 06/07/2018 11:57:55   11.92    False       0.2560242      -0.2595666       0.1175444       -4.156683      1.5       0.3228307          0          0          0   2.455467       True      False   1.412522        0.1
 06/07/2018 11:57:55   11.94    False       0.3410539      -0.1117329       0.3353192       -4.156683      1.5       0.3053183          0          0          0   2.638101       True      False   1.592034        0.1
 06/07/2018 11:57:55   11.96    False       0.6083241        0.382145       0.3846103       -4.156683      1.5        0.285516          0          0          0   2.569937       True      False   1.800211        0.1
 06/07/2018 11:57:55   11.98    False       0.4040997       0.5256677    -0.008817742       -4.156683      1.5       0.2633213          0          0          0   2.772186       True      False   2.017696        0.1
 06/07/2018 11:57:55      12    False      0.04516172       0.4541631      -0.3532508       -4.156683      1.5       0.2388211          0          0          0   3.240365       True      False   2.227292        0.1
 06/07/2018 11:57:55   12.02    False      0.04931213       0.4783503      -0.3428093       -4.156683      1.5       0.2122451          0          0          0   3.637039       True      False   2.416001        0.1
 06/07/2018 11:57:55   12.04    False     -0.09161283       0.1829253      -0.1706767       -4.156683      1.5       0.1839099          0          0          0   4.074379       True      False   2.575929        0.1
 06/07/2018 11:57:55   12.06    False     -0.05605482      -0.2727774     -0.07184213       -4.156683      1.5       0.1596329          0          0          0   4.177519       True      False   2.704136        0.1
 06/07/2018 11:57:55   12.08    False   -0.0004621941      -0.3804018      -0.1006907        -4.15281      1.5       0.1361629          0          0          0   4.318182       True      False   2.801676        0.1
 06/07/2018 11:57:55    12.1    False     -0.01877795      -0.2973249      -0.1390022       -4.145413      1.5       0.1073136          0          0          0   4.547169       True      False   2.872272        0.1
 06/07/2018 11:57:55   12.12    False      -0.0330615      -0.2743924      -0.1066641       -4.145226      1.5      0.07743659          0          0          0   4.584927       True      False   2.920964        0.1
 06/07/2018 11:57:55   12.14    False     -0.07163063      -0.2619589      -0.1033056       -4.140733      1.5      0.04495346          0          0          0   4.747587       True      False   2.953012        0.1
 06/07/2018 11:57:55   12.16    False      -0.1023577      -0.2549731     -0.07169831       -4.139834      1.5       0.0122487          0          0          0   4.627401       True      False    2.97316        0.1
 06/07/2018 11:57:55   12.18    False     -0.02490677      -0.1320259     -0.02428528       -4.139834      1.5     -0.02058927          0          0          0   4.356706       True      False    2.98527        0.1
 06/07/2018 11:57:55    12.2    False      0.01697478      -0.1032798     0.006952823       -4.139834      1.5     -0.05350383          0          0          0   4.034569       True      False   2.992233        0.1
 06/07/2018 11:57:55   12.22    False      0.05604607      -0.1376586      0.05923922       -4.139834      1.5     -0.08646055          0          0          0   3.659498       True      False   2.996065        0.1
 06/07/2018 11:57:55   12.24    False        0.102597      -0.1555145      0.09543356       -4.139834      1.5      -0.1194395          0          0          0   3.614231       True      False   2.998085        0.1
 06/07/2018 11:57:55   12.26    False       0.1256457      -0.1454767      0.04732064       -4.139834      1.5      -0.1524296          0          0          0   3.496968       True      False   2.999104        0.1
 06/07/2018 11:57:55   12.28    False      0.09654019      -0.1423567     -0.03331541       -4.139834      1.5      -0.1854252          0          0          0   3.262043       True      False   2.999598        0.1
 06/07/2018 11:57:55    12.3    False      0.04530134     -0.08889768     -0.06635941       -4.139834      1.5      -0.2184233          0          0          0   3.107075       True      False   2.999826        0.1
 06/07/2018 11:57:55   12.32    False    -0.006392189      0.03858243     -0.01995173       -4.139834      1.5      -0.2514225          0          0          0    2.92158       True      False   2.999928        0.1
 06/07/2018 11:57:55   12.34    False    -0.006392189      0.03858243     -0.01995173       -4.139834      1.5      -0.2844217          0          0          0   2.698204       True       True   2.999928       0.05
 06/07/2018 11:57:55   12.36    False     0.009858827      0.05524243      0.05098532       -4.139834      1.5      -0.3065415          0          0          0   2.481813       True       True   2.010893       0.05
 06/07/2018 11:57:56   12.38    False      0.02696908      0.06942946      0.06400514       -4.139834      1.5      -0.3164806          0          0          0    2.40503       True       True  0.9035533       0.05
 06/07/2018 11:57:56    12.4    False      0.01400117       0.0674713      0.01093055       -4.139834      1.5      -0.3413296          0          0          0   2.371179       True       True   2.259002       0.05
 06/07/2018 11:57:56   12.42    False      0.01400117       0.0674713      0.01093055       -4.139834      1.5      -0.3715616          0          0          0   2.300992       True       True    2.74836       0.05
 06/07/2018 11:57:56   12.44    False     0.006669443       0.1038847      0.02533945       -4.139834      1.5      -0.4036584          0          0          0   2.212949       True       True   2.917895       0.05
 06/07/2018 11:57:56   12.46    False    -0.003065564       0.1275549      0.05098085       -4.139834      1.5      -0.4357553          0          0          0   2.171356       True      False   2.917895       0.05
 06/07/2018 11:57:56   12.48    False      0.02221009      0.05236535      0.01183573       -4.139834      1.5      -0.4678875          0          0          0   2.156555       True      False   2.921114       0.05
 06/07/2018 11:57:56    12.5    False      0.03762689       0.0123752      0.04471353       -4.139834      1.5      -0.5000198          0          0          0   2.120022       True       True   2.921114       0.05
 06/07/2018 11:57:56   12.52    False      0.03493838      0.01611562      0.06400708       -4.139834      1.5      -0.5215585          0          0          0   2.093815       True       True   1.958064       0.05
 06/07/2018 11:57:56   12.54    False      0.02077834      0.09527005      0.04354529       -4.139834      1.5      -0.5359963          0          0          0   2.071348       True       True    1.31253        0.1
 06/07/2018 11:57:56   12.56    False      0.02361812        0.133361      0.03931395       -4.139834      1.5      -0.5504342          0          0          0   2.111376       True      False    1.31253        0.1
 06/07/2018 11:57:56   12.58    False       0.0476453      0.07178708      0.04247245       -4.139834      1.5      -0.5655998          0          0          0   2.175308       True      False   1.378695        0.1
 06/07/2018 11:57:56    12.6    False      0.04220244      0.08619702      0.03939048       -4.139834      1.5      -0.5821366          0          0          0   2.179624       True       True   1.503346        0.1
 06/07/2018 11:57:56   12.62    False       0.0593285     -0.00254744    -0.002109108       -4.139834      1.5      -0.5986735          0          0          0   2.198349       True      False   1.503346        0.1
 06/07/2018 11:57:56   12.64    False      0.04339023      -0.0192083      -0.1034733       -4.139834      1.5      -0.6152103          0          0          0   2.097012       True       True   1.503346        0.1
 06/07/2018 11:57:56   12.66    False   -0.0003188752      0.02593113      -0.1617911       -4.139834      1.5      -0.6287495          0          0          0   1.988665       True       True   1.230842        0.1
 06/07/2018 11:57:56   12.68    False     -0.02675936      0.03359061      -0.1797031       -4.139834      1.5      -0.6378252          0          0          0   1.962231       True       True  0.8250584        0.1
 06/07/2018 11:57:56    12.7    False     -0.01733659     -0.03808574     -0.09780689       -4.139834      1.5      -0.6428061          0          0          0   1.983446       True       True  0.4528041        0.1
 06/07/2018 11:57:56   12.72    False     -0.02386221      -0.1136426    0.0004154422       -4.139834      1.5      -0.6461448          0          0          0   2.005417       True       True  0.3035237        0.2
 06/07/2018 11:57:56   12.74    False     -0.07753604      -0.1099996      0.02295795       -4.139834      1.5      -0.6494836          0          0          0   2.023789       True      False  0.3035237        0.2
 06/07/2018 11:57:56   12.76    False      -0.1220694     -0.02431091      0.02349874       -4.139834      1.5      -0.6539854          0          0          0   2.000428       True      False  0.4092565        0.2
 06/07/2018 11:57:56   12.78    False       -0.112017    -0.001395815     0.007134676       -4.139834      1.5      -0.6584872          0          0          0   1.952951       True       True  0.4092565        0.2
 06/07/2018 11:57:56    12.8    False       -0.112017    -0.001395815     0.007134676       -4.139834      1.5      -0.6625606          0          0          0    1.86815       True       True  0.3703097        0.2
 06/07/2018 11:57:56   12.82    False      -0.1020611     0.004894751      0.07430221       -4.139834      1.5      -0.6658956          0          0          0   1.866999       True       True   0.303184        0.2
 06/07/2018 11:57:56   12.84    False     -0.08818845      0.03054249       0.1171088       -4.139834      1.5      -0.6683662          0          0          0   1.852685       True       True  0.2246038        0.2
 06/07/2018 11:57:56   12.86    False     -0.06242496      0.05647092       0.1063592       -4.139834      1.5      -0.6700223          0          0          0   1.857296       True       True  0.1505558        0.2
 06/07/2018 11:57:56   12.88    False    0.0005065633       0.1209981      0.06698179       -4.139834      1.5      -0.6710268          0          0          0   1.880177       True       True 0.09131651        0.2
 06/07/2018 11:57:56    12.9    False      0.03204662       0.1283213     0.005052699       -4.139834      1.5      -0.6720312          0          0          0   1.963089       True      False 0.09131651        0.2
 06/07/2018 11:57:56   12.92    False      0.03204662       0.1283213     0.005052699       -4.139834      1.5      -0.6742902          0          0          0   1.977768       True      False  0.2053648        0.2
 06/07/2018 11:57:56   12.94    False      0.06870904       0.1440845     -0.05710269       -4.139834      1.5      -0.6789128          0          0          0    1.99609       True      False  0.4202263        0.2
 06/07/2018 11:57:56   12.96    False      0.08314371       0.1309046     -0.07094552       -4.139834      1.5      -0.6867442          0          0          0   2.115864       True      False  0.7119435        0.2
 06/07/2018 11:57:56   12.98    False      0.09238069      0.07429378     -0.01796661       -4.139834      1.5      -0.6982968          0          0          0   2.245373       True      False   1.050246        0.2
 06/07/2018 11:57:56      13    False        0.100576     -0.01296267       0.1179445       -4.139834      1.5      -0.7137372          0          0          0   2.318271       True       True   1.403675        0.2
 06/07/2018 11:57:56   13.02    False       0.1029871    -0.005105286      0.07362819       -4.139834      1.5      -0.7263787          0          0          0   2.326339       True       True   1.149227        0.1