COL: userAcceleration.x
ABSOLUTE VALUE MAX/MIN
Max: 0.372536 line: 2728
Min: 3.05479e-05 line: 2800

NON ABSOLUTE VALUE MAX/MIN
Max: 0.372536 line: 2728
Min: -0.346415 line: 1443

ABSOLUTE VALUE ONE STEP CHANGE
Max change: 0.15623 line: 2524
Min change: 1.094e-06 line: 3152
Average change: 0.00964419


INCREASING / DECREASING
Increasing: 
1 18
21 23
26 27
29 30
32 41
46 52
58 58
60 62
66 68
71 73
75 78
87 90
93 93
101 112
117 119
124 132
135 136
140 141
144 146
148 151
154 154
159 163
165 168
175 182
187 190
193 193
195 196
201 203
205 205
210 213
215 215
217 226
228 234
237 240
242 242
244 252
258 258
266 267
271 275
279 280
282 288
291 291
296 300
303 305
312 314
320 320
322 326
329 330
335 337
340 343
345 345
350 350
353 353
358 359
361 364
369 372
376 376
378 381
383 384
386 387
389 395
398 398
401 402
404 404
407 407
409 412
414 418
420 425
428 430
432 434
438 442
450 451
453 456
458 462
464 465
473 474
476 478
484 489
494 499
506 508
510 510
514 518
520 525
528 529
535 535
540 546
553 553
555 555
558 559
567 568
571 572
574 576
578 579
582 582
584 587
590 595
599 602
605 608
611 611
614 619
626 631
636 636
639 639
641 644
646 647
651 657
659 659
661 666
669 669
679 683
689 692
695 696
700 702
704 704
709 709
714 716
720 720
725 730
741 744
746 751
754 757
766 770
773 775
777 777
780 782
784 785
789 789
793 795
797 804
811 811
814 819
827 829
834 834
836 840
843 843
845 847
849 851
853 855
858 861
864 866
872 872
874 877
880 884
887 889
893 895
897 901
903 904
909 910
912 914
921 922
924 925
928 930
932 934
936 939
941 942
950 955
957 958
963 965
968 975
978 980
988 994
1003 1007
1011 1011
1014 1015
1018 1018
1023 1029
1033 1033
1036 1042
1047 1049
1051 1052
1058 1061
1066 1073
1079 1079
1083 1084
1087 1087
1089 1090
1093 1094
1100 1101
1104 1110
1113 1114
1119 1123
1127 1127
1129 1139
1143 1145
1149 1152
1159 1162
1165 1168
1172 1174
1176 1176
1180 1184
1188 1190
1193 1193
1197 1197
1199 1205
1209 1212
1214 1214
1218 1219
1221 1223
1225 1229
1237 1242
1246 1248
1250 1254
1257 1262
1265 1269
1271 1273
1275 1282
1286 1287
1291 1292
1294 1299
1301 1301
1303 1309
1311 1311
1314 1319
1325 1331
1333 1337
1345 1358
1361 1362
1366 1367
1369 1374
1376 1377
1380 1381
1384 1389
1391 1392
1396 1398
1401 1401
1404 1406
1408 1410
1412 1414
1419 1420
1422 1427
1430 1433
1437 1443
1447 1449
1453 1453
1457 1462
1471 1473
1485 1488
1490 1491
1494 1495
1498 1499
1507 1510
1513 1513
1515 1515
1519 1520
1522 1522
1526 1527
1530 1531
1535 1536
1539 1541
1545 1545
1547 1547
1550 1550
1552 1553
1556 1558
1563 1563
1565 1570
1573 1578
1584 1587
1589 1590
1594 1598
1600 1609
1613 1614
1616 1619
1622 1626
1636 1639
1641 1643
1645 1655
1666 1673
1678 1680
1684 1688
1690 1690
1695 1697
1701 1707
1711 1719
1727 1727
1732 1735
1738 1741
1745 1750
1754 1767
1772 1772
1775 1777
1779 1781
1785 1788
1790 1791
1793 1794
1798 1798
1800 1802
1805 1807
1809 1809
1811 1813
1816 1816
1820 1827
1834 1837
1839 1841
1843 1846
1856 1859
1865 1867
1871 1872
1874 1878
1883 1886
1890 1892
1895 1896
1898 1898
1901 1903
1905 1906
1909 1913
1920 1921
1926 1926
1928 1928
1930 1935
1937 1939
1943 1945
1947 1950
1952 1952
1954 1959
1971 1975
1979 1979
1982 1982
1985 1985
1987 1990
1992 1997
1999 2000
2003 2003
2005 2007
2009 2011
2014 2014
2016 2017
2020 2020
2023 2025
2027 2030
2034 2034
2036 2038
2040 2044
2046 2047
2053 2055
2057 2058
2060 2067
2070 2071
2073 2073
2076 2078
2081 2082
2085 2086
2089 2094
2098 2100
2102 2103
2105 2113
2120 2121
2123 2125
2129 2133
2136 2141
2145 2146
2151 2154
2158 2166
2173 2174
2176 2180
2184 2184
2190 2190
2193 2194
2197 2200
2203 2207
2209 2209
2214 2215
2218 2222
2226 2227
2231 2234
2237 2240
2244 2246
2252 2256
2261 2269
2271 2274
2278 2281
2286 2291
2298 2304
2306 2309
2312 2313
2316 2333
2339 2339
2341 2349
2355 2362
2372 2372
2375 2376
2379 2384
2391 2391
2394 2396
2399 2404
2409 2409
2411 2412
2415 2415
2417 2417
2419 2420
2422 2425
2431 2434
2437 2445
2447 2447
2449 2449
2452 2452
2454 2457
2462 2464
2467 2470
2474 2478
2482 2486
2489 2490
2494 2495
2499 2503
2505 2509
2511 2520
2524 2526
2530 2530
2540 2540
2543 2544
2547 2549
2555 2556
2560 2564
2567 2567
2571 2571
2573 2576
2579 2579
2582 2584
2587 2591
2594 2596
2598 2599
2603 2604
2611 2612
2622 2624
2630 2642
2651 2655
2657 2657
2671 2671
2673 2673
2675 2678
2681 2682
2685 2687
2689 2689
2691 2695
2697 2699
2706 2708
2710 2717
2719 2728
2731 2734
2737 2741
2762 2764
2766 2766
2769 2769
2773 2773
2775 2780
2782 2784
2787 2787
2791 2792
2795 2795
2798 2802
2807 2809
2811 2812
2817 2820
2822 2822
2824 2826
2828 2834
2837 2842
2848 2848
2850 2852
2854 2855
2857 2858
2860 2864
2867 2867
2869 2872
2875 2875
2878 2881
2887 2887
2889 2895
2897 2900
2904 2910
2912 2913
2920 2920
2922 2922
2924 2928
2930 2934
2936 2937
2940 2942
2944 2947
2951 2956
2960 2962
2966 2967
2969 2972
2979 2980
2985 2985
2987 2990
2999 3001
3006 3006
3009 3011
3013 3015
3017 3019
3022 3022
3024 3024
3028 3031
3034 3036
3038 3041
3044 3046
3048 3048
3051 3055
3057 3060
3063 3064
3066 3066
3068 3070
3072 3075
3082 3082
3085 3086
3091 3094
3097 3098
3100 3102
3105 3106
3111 3112
3114 3114
3117 3118
3120 3122
3124 3125
3129 3129
3132 3136
3138 3141
3145 3148
3150 3152
Decreasing: 
19 20
24 25
28 28
31 31
42 45
53 57
59 59
63 65
69 70
74 74
79 86
91 92
94 100
113 116
120 123
133 134
137 139
142 143
147 147
152 153
155 158
164 164
169 174
183 186
191 192
194 194
197 200
204 204
206 209
214 214
216 216
227 227
235 236
241 241
243 243
253 257
259 265
268 270
276 278
281 281
289 290
292 295
301 302
306 311
315 319
321 321
327 328
331 334
338 339
344 344
346 349
351 352
354 357
360 360
365 368
373 375
377 377
382 382
385 385
388 388
396 397
399 400
403 403
405 406
408 408
413 413
419 419
426 427
431 431
435 437
443 449
452 452
457 457
463 463
466 472
475 475
479 483
490 493
500 505
509 509
511 513
519 519
526 527
530 534
536 539
547 552
554 554
556 557
560 566
569 570
573 573
577 577
580 581
583 583
588 589
596 598
603 604
609 610
612 613
620 625
632 635
637 638
640 640
645 645
648 650
658 658
660 660
667 668
670 678
684 688
693 694
697 699
703 703
705 708
710 713
717 719
721 724
731 740
745 745
752 753
758 765
771 772
776 776
778 779
783 783
786 788
790 792
796 796
805 810
812 813
820 826
830 833
835 835
841 842
844 844
848 848
852 852
856 857
862 863
867 871
873 873
878 879
885 886
890 892
896 896
902 902
905 908
911 911
915 920
923 923
926 927
931 931
935 935
940 940
943 949
956 956
959 962
966 967
976 977
981 987
995 1002
1008 1010
1012 1013
1016 1017
1019 1022
1030 1032
1034 1035
1043 1046
1050 1050
1053 1057
1062 1065
1074 1078
1080 1082
1085 1086
1088 1088
1091 1092
1095 1099
1102 1103
1111 1112
1115 1118
1124 1126
1128 1128
1140 1142
1146 1148
1153 1158
1163 1164
1169 1171
1175 1175
1177 1179
1185 1187
1191 1192
1194 1196
1198 1198
1206 1208
1213 1213
1215 1217
1220 1220
1224 1224
1230 1236
1243 1245
1249 1249
1255 1256
1263 1264
1270 1270
1274 1274
1283 1285
1288 1290
1293 1293
1300 1300
1302 1302
1310 1310
1312 1313
1320 1324
1332 1332
1338 1344
1359 1360
1363 1365
1368 1368
1375 1375
1378 1379
1382 1383
1390 1390
1393 1395
1399 1400
1402 1403
1407 1407
1411 1411
1415 1418
1421 1421
1428 1429
1434 1436
1444 1446
1450 1452
1454 1456
1463 1470
1474 1484
1489 1489
1492 1493
1496 1497
1500 1506
1511 1512
1514 1514
1516 1518
1521 1521
1523 1525
1528 1529
1532 1534
1537 1538
1542 1544
1546 1546
1548 1549
1551 1551
1554 1555
1559 1562
1564 1564
1571 1572
1579 1583
1588 1588
1591 1593
1599 1599
1610 1612
1615 1615
1620 1621
1627 1635
1640 1640
1644 1644
1656 1665
1674 1677
1681 1683
1689 1689
1691 1694
1698 1700
1708 1710
1720 1726
1728 1731
1736 1737
1742 1744
1751 1753
1768 1771
1773 1774
1778 1778
1782 1784
1789 1789
1792 1792
1795 1797
1799 1799
1803 1804
1808 1808
1810 1810
1814 1815
1817 1819
1828 1833
1838 1838
1842 1842
1847 1855
1860 1864
1868 1870
1873 1873
1879 1882
1887 1889
1893 1894
1897 1897
1899 1900
1904 1904
1907 1908
1914 1919
1922 1925
1927 1927
1929 1929
1936 1936
1940 1942
1946 1946
1951 1951
1953 1953
1960 1970
1976 1978
1980 1981
1983 1984
1986 1986
1991 1991
1998 1998
2001 2002
2004 2004
2008 2008
2012 2013
2015 2015
2018 2019
2021 2022
2026 2026
2031 2033
2035 2035
2039 2039
2045 2045
2048 2052
2056 2056
2059 2059
2068 2069
2072 2072
2074 2075
2079 2080
2083 2084
2087 2088
2095 2097
2101 2101
2104 2104
2114 2119
2122 2122
2126 2128
2134 2135
2142 2144
2147 2150
2155 2157
2167 2172
2175 2175
2181 2183
2185 2189
2191 2192
2195 2196
2201 2202
2208 2208
2210 2213
2216 2217
2223 2225
2228 2230
2235 2236
2241 2243
2247 2251
2257 2260
2270 2270
2275 2277
2282 2285
2292 2297
2305 2305
2310 2311
2314 2315
2334 2338
2340 2340
2350 2354
2363 2371
2373 2374
2377 2378
2385 2390
2392 2393
2397 2398
2405 2408
2410 2410
2413 2414
2416 2416
2418 2418
2421 2421
2426 2430
2435 2436
2446 2446
2448 2448
2450 2451
2453 2453
2458 2461
2465 2466
2471 2473
2479 2481
2487 2488
2491 2493
2496 2498
2504 2504
2510 2510
2521 2523
2527 2529
2531 2539
2541 2542
2545 2546
2550 2554
2557 2559
2565 2566
2568 2570
2572 2572
2577 2578
2580 2581
2585 2586
2592 2593
2597 2597
2600 2602
2605 2610
2613 2621
2625 2629
2643 2650
2656 2656
2658 2670
2672 2672
2674 2674
2679 2680
2683 2684
2688 2688
2690 2690
2696 2696
2700 2705
2709 2709
2718 2718
2729 2730
2735 2736
2742 2761
2765 2765
2767 2768
2770 2772
2774 2774
2781 2781
2785 2786
2788 2790
2793 2794
2796 2797
2803 2806
2810 2810
2813 2816
2821 2821
2823 2823
2827 2827
2835 2836
2843 2847
2849 2849
2853 2853
2856 2856
2859 2859
2865 2866
2868 2868
2873 2874
2876 2877
2882 2886
2888 2888
2896 2896
2901 2903
2911 2911
2914 2919
2921 2921
2923 2923
2929 2929
2935 2935
2938 2939
2943 2943
2948 2950
2957 2959
2963 2965
2968 2968
2973 2978
2981 2984
2986 2986
2991 2998
3002 3005
3007 3008
3012 3012
3016 3016
3020 3021
3023 3023
3025 3027
3032 3033
3037 3037
3042 3043
3047 3047
3049 3050
3056 3056
3061 3062
3065 3065
3067 3067
3071 3071
3076 3081
3083 3084
3087 3090
3095 3096
3099 3099
3103 3104
3107 3110
3113 3113
3115 3116
3119 3119
3123 3123
3126 3128
3130 3131
3137 3137
3142 3144
3149 3149
3153 3156


COL: userAcceleration.y
ABSOLUTE VALUE MAX/MIN
Max: 0.337989 line: 767
Min: 8.06184e-05 line: 761

NON ABSOLUTE VALUE MAX/MIN
Max: 0.24516 line: 2739
Min: -0.337989 line: 767

ABSOLUTE VALUE ONE STEP CHANGE
Max change: 0.179488 line: 633
Min change: 1.094e-05 line: 3152
Average change: 0.0114357


INCREASING / DECREASING
Increasing: 
1 20
22 22
26 26
28 28
32 32
34 37
39 40
43 45
47 48
50 50
52 52
57 58
60 62
64 65
68 70
73 76
83 86
89 91
95 96
98 102
107 111
114 115
119 122
125 125
128 131
133 136
140 140
144 147
150 153
155 157
159 161
164 164
166 169
175 177
179 183
187 188
191 197
200 200
203 208
212 215
221 228
231 233
235 236
239 242
246 247
251 252
257 258
261 263
268 270
275 277
279 281
284 284
286 289
294 295
299 299
302 305
307 307
309 309
312 314
317 318
320 320
322 323
325 327
329 331
334 345
347 347
351 351
354 355
357 358
360 363
365 365
367 370
372 378
381 383
385 385
389 389
391 393
395 395
397 407
412 412
414 414
417 418
421 422
426 426
428 433
439 442
450 454
458 459
464 465
467 469
472 475
478 480
483 484
486 490
492 494
496 497
499 501
503 505
507 508
510 510
515 515
517 520
522 523
525 525
527 528
531 532
534 537
543 546
551 552
554 554
557 557
559 563
566 566
570 573
576 577
579 583
586 590
595 597
599 606
609 610
613 615
619 619
621 631
634 635
637 639
641 641
643 644
646 648
651 651
653 656
658 658
660 661
664 664
667 667
669 671
673 673
676 678
680 682
684 684
686 689
692 696
699 701
704 704
707 709
714 725
727 727
729 729
734 740
742 744
746 746
748 749
753 753
755 767
771 771
774 775
777 780
787 789
796 798
801 808
810 812
814 816
818 819
821 821
823 825
831 832
834 835
838 840
842 842
844 846
849 850
852 853
856 858
860 861
865 866
869 871
873 876
879 879
883 888
893 895
898 898
901 901
905 909
914 914
917 922
925 926
928 933
940 943
945 949
951 951
953 955
957 961
963 966
969 970
974 975
978 980
982 982
987 988
994 996
999 1000
1002 1006
1008 1010
1012 1014
1016 1020
1022 1022
1025 1028
1033 1035
1038 1038
1040 1042
1044 1044
1047 1048
1050 1055
1058 1060
1065 1068
1071 1073
1075 1078
1080 1080
1082 1087
1090 1095
1101 1102
1106 1107
1109 1109
1111 1112
1115 1117
1121 1121
1124 1125
1127 1132
1135 1137
1140 1141
1144 1149
1151 1151
1153 1155
1158 1163
1167 1169
1171 1173
1176 1176
1180 1180
1183 1184
1187 1187
1189 1196
1198 1200
1205 1206
1208 1208
1211 1211
1213 1214
1219 1221
1224 1225
1228 1229
1232 1232
1236 1237
1239 1239
1242 1242
1245 1250
1255 1255
1257 1259
1261 1262
1264 1269
1271 1273
1275 1279
1285 1286
1290 1290
1292 1293
1295 1300
1302 1306
1309 1309
1313 1320
1324 1325
1328 1341
1344 1345
1347 1349
1352 1354
1358 1365
1371 1372
1374 1376
1380 1382
1384 1385
1387 1389
1393 1393
1395 1401
1403 1403
1405 1405
1407 1408
1410 1412
1414 1414
1418 1418
1422 1422
1424 1425
1429 1430
1434 1435
1437 1437
1439 1440
1443 1448
1452 1454
1456 1456
1458 1462
1467 1467
1469 1473
1475 1476
1479 1487
1489 1490
1495 1496
1499 1501
1506 1509
1513 1515
1517 1518
1520 1525
1529 1533
1536 1537
1540 1540
1546 1547
1551 1556
1558 1560
1566 1569
1571 1580
1582 1584
1589 1594
1600 1603
1606 1608
1614 1619
1625 1627
1630 1635
1640 1641
1645 1647
1650 1654
1656 1658
1661 1663
1665 1665
1667 1670
1672 1673
1678 1687
1690 1690
1695 1698
1704 1708
1714 1716
1720 1722
1726 1728
1735 1739
1742 1744
1747 1750
1753 1754
1758 1760
1764 1765
1768 1771
1774 1775
1777 1777
1780 1782
1784 1784
1786 1788
1790 1790
1792 1793
1795 1795
1797 1799
1802 1812
1814 1815
1817 1819
1822 1827
1829 1831
1835 1837
1839 1840
1842 1844
1846 1848
1852 1853
1855 1856
1859 1860
1866 1866
1868 1869
1871 1871
1876 1878
1883 1883
1886 1887
1889 1889
1891 1897
1899 1901
1907 1909
1911 1911
1913 1916
1920 1921
1923 1923
1927 1927
1930 1931
1933 1942
1945 1946
1948 1948
1951 1951
1953 1954
1957 1957
1959 1960
1962 1964
1967 1967
1971 1971
1973 1975
1977 1982
1985 1985
1987 1990
1992 1996
1999 2000
2002 2002
2005 2011
2015 2015
2021 2023
2026 2026
2028 2031
2034 2034
2036 2038
2042 2044
2046 2047
2049 2050
2053 2053
2056 2057
2061 2061
2065 2065
2070 2073
2076 2078
2080 2082
2084 2085
2087 2088
2090 2090
2093 2094
2096 2097
2099 2101
2103 2103
2105 2116
2121 2122
2124 2125
2127 2128
2131 2135
2137 2139
2146 2147
2152 2153
2156 2158
2161 2165
2167 2168
2170 2170
2173 2175
2180 2183
2185 2185
2190 2195
2198 2202
2205 2205
2212 2213
2215 2220
2225 2226
2230 2230
2233 2233
2235 2236
2240 2248
2252 2255
2257 2257
2261 2264
2267 2269
2272 2272
2277 2279
2284 2286
2292 2292
2297 2298
2300 2302
2306 2308
2311 2311
2313 2316
2318 2319
2322 2323
2329 2332
2334 2336
2338 2338
2345 2348
2350 2353
2355 2357
2359 2359
2362 2367
2370 2371
2373 2377
2385 2385
2387 2394
2397 2397
2399 2400
2404 2404
2406 2407
2410 2415
2418 2420
2422 2424
2426 2427
2429 2430
2433 2433
2436 2438
2440 2442
2447 2447
2449 2454
2456 2458
2460 2464
2471 2472
2478 2478
2480 2481
2483 2485
2487 2490
2492 2493
2499 2499
2503 2503
2505 2508
2510 2517
2519 2522
2529 2530
2532 2533
2536 2536
2540 2542
2549 2551
2554 2556
2559 2559
2561 2565
2568 2572
2576 2576
2578 2580
2582 2584
2588 2590
2592 2592
2594 2599
2601 2601
2603 2605
2608 2618
2621 2621
2623 2623
2626 2626
2628 2634
2637 2641
2644 2652
2654 2655
2657 2658
2666 2666
2668 2671
2673 2674
2676 2678
2680 2683
2686 2687
2692 2692
2694 2695
2697 2698
2700 2702
2706 2709
2712 2712
2714 2716
2718 2718
2721 2722
2724 2728
2731 2739
2746 2747
2750 2754
2759 2762
2765 2768
2776 2778
2780 2781
2784 2790
2793 2793
2795 2795
2797 2798
2800 2800
2802 2803
2806 2806
2808 2808
2810 2811
2813 2814
2817 2817
2819 2821
2824 2826
2830 2834
2836 2839
2843 2854
2856 2862
2867 2873
2876 2879
2881 2884
2889 2890
2896 2896
2898 2899
2901 2904
2909 2909
2911 2911
2914 2916
2921 2922
2925 2928
2931 2933
2935 2937
2939 2939
2941 2947
2951 2952
2954 2955
2961 2962
2964 2965
2967 2968
2970 2971
2975 2978
2982 2985
2987 2990
2993 2994
2998 3000
3003 3008
3015 3018
3022 3022
3026 3026
3031 3031
3034 3034
3038 3039
3043 3043
3048 3050
3053 3053
3055 3055
3057 3057
3061 3068
3073 3075
3078 3079
3081 3081
3083 3086
3094 3099
3105 3107
3112 3115
3117 3118
3120 3120
3122 3123
3125 3125
3128 3141
3143 3144
3147 3149
3151 3154
3156 3156
Decreasing: 
21 21
23 25
27 27
29 31
33 33
38 38
41 42
46 46
49 49
51 51
53 56
59 59
63 63
66 67
71 72
77 82
87 88
92 94
97 97
103 106
112 113
116 118
123 124
126 127
132 132
137 139
141 143
148 149
154 154
158 158
162 163
165 165
170 174
178 178
184 186
189 190
198 199
201 202
209 211
216 220
229 230
234 234
237 238
243 245
248 250
253 256
259 260
264 267
271 274
278 278
282 283
285 285
290 293
296 298
300 301
306 306
308 308
310 311
315 316
319 319
321 321
324 324
328 328
332 333
346 346
348 350
352 353
356 356
359 359
364 364
366 366
371 371
379 380
384 384
386 388
390 390
394 394
396 396
408 411
413 413
415 416
419 420
423 425
427 427
434 438
443 449
455 457
460 463
466 466
470 471
476 477
481 482
485 485
491 491
495 495
498 498
502 502
506 506
509 509
511 514
516 516
521 521
524 524
526 526
529 530
533 533
538 542
547 550
553 553
555 556
558 558
564 565
567 569
574 575
578 578
584 585
591 594
598 598
607 608
611 612
616 618
620 620
632 633
636 636
640 640
642 642
645 645
649 650
652 652
657 657
659 659
662 663
665 666
668 668
672 672
674 675
679 679
683 683
685 685
690 691
697 698
702 703
705 706
710 713
726 726
728 728
730 733
741 741
745 745
747 747
750 752
754 754
768 770
772 773
776 776
781 786
790 795
799 800
809 809
813 813
817 817
820 820
822 822
826 830
833 833
836 837
841 841
843 843
847 848
851 851
854 855
859 859
862 864
867 868
872 872
877 878
880 882
889 892
896 897
899 900
902 904
910 913
915 916
923 924
927 927
934 939
944 944
950 950
952 952
956 956
962 962
967 968
971 973
976 977
981 981
983 986
989 993
997 998
1001 1001
1007 1007
1011 1011
1015 1015
1021 1021
1023 1024
1029 1032
1036 1037
1039 1039
1043 1043
1045 1046
1049 1049
1056 1057
1061 1064
1069 1070
1074 1074
1079 1079
1081 1081
1088 1089
1096 1100
1103 1105
1108 1108
1110 1110
1113 1114
1118 1120
1122 1123
1126 1126
1133 1134
1138 1139
1142 1143
1150 1150
1152 1152
1156 1157
1164 1166
1170 1170
1174 1175
1177 1179
1181 1182
1185 1186
1188 1188
1197 1197
1201 1204
1207 1207
1209 1210
1212 1212
1215 1218
1222 1223
1226 1227
1230 1231
1233 1235
1238 1238
1240 1241
1243 1244
1251 1254
1256 1256
1260 1260
1263 1263
1270 1270
1274 1274
1280 1284
1287 1289
1291 1291
1294 1294
1301 1301
1307 1308
1310 1312
1321 1323
1326 1327
1342 1343
1346 1346
1350 1351
1355 1357
1366 1370
1373 1373
1377 1379
1383 1383
1386 1386
1390 1392
1394 1394
1402 1402
1404 1404
1406 1406
1409 1409
1413 1413
1415 1417
1419 1421
1423 1423
1426 1428
1431 1433
1436 1436
1438 1438
1441 1442
1449 1451
1455 1455
1457 1457
1463 1466
1468 1468
1474 1474
1477 1478
1488 1488
1491 1494
1497 1498
1502 1505
1510 1512
1516 1516
1519 1519
1526 1528
1534 1535
1538 1539
1541 1545
1548 1550
1557 1557
1561 1565
1570 1570
1581 1581
1585 1588
1595 1599
1604 1605
1609 1613
1620 1624
1628 1629
1636 1639
1642 1644
1648 1649
1655 1655
1659 1660
1664 1664
1666 1666
1671 1671
1674 1677
1688 1689
1691 1694
1699 1703
1709 1713
1717 1719
1723 1725
1729 1734
1740 1741
1745 1746
1751 1752
1755 1757
1761 1763
1766 1767
1772 1773
1776 1776
1778 1779
1783 1783
1785 1785
1789 1789
1791 1791
1794 1794
1796 1796
1800 1801
1813 1813
1816 1816
1820 1821
1828 1828
1832 1834
1838 1838
1841 1841
1845 1845
1849 1851
1854 1854
1857 1858
1861 1865
1867 1867
1870 1870
1872 1875
1879 1882
1884 1885
1888 1888
1890 1890
1898 1898
1902 1906
1910 1910
1912 1912
1917 1919
1922 1922
1924 1926
1928 1929
1932 1932
1943 1944
1947 1947
1949 1950
1952 1952
1955 1956
1958 1958
1961 1961
1965 1966
1968 1970
1972 1972
1976 1976
1983 1984
1986 1986
1991 1991
1997 1998
2001 2001
2003 2004
2012 2014
2016 2020
2024 2025
2027 2027
2032 2033
2035 2035
2039 2041
2045 2045
2048 2048
2051 2052
2054 2055
2058 2060
2062 2064
2066 2069
2074 2075
2079 2079
2083 2083
2086 2086
2089 2089
2091 2092
2095 2095
2098 2098
2102 2102
2104 2104
2117 2120
2123 2123
2126 2126
2129 2130
2136 2136
2140 2145
2148 2151
2154 2155
2159 2160
2166 2166
2169 2169
2171 2172
2176 2179
2184 2184
2186 2189
2196 2197
2203 2204
2206 2211
2214 2214
2221 2224
2227 2229
2231 2232
2234 2234
2237 2239
2249 2251
2256 2256
2258 2260
2265 2266
2270 2271
2273 2276
2280 2283
2287 2291
2293 2296
2299 2299
2303 2305
2309 2310
2312 2312
2317 2317
2320 2321
2324 2328
2333 2333
2337 2337
2339 2344
2349 2349
2354 2354
2358 2358
2360 2361
2368 2369
2372 2372
2378 2384
2386 2386
2395 2396
2398 2398
2401 2403
2405 2405
2408 2409
2416 2417
2421 2421
2425 2425
2428 2428
2431 2432
2434 2435
2439 2439
2443 2446
2448 2448
2455 2455
2459 2459
2465 2470
2473 2477
2479 2479
2482 2482
2486 2486
2491 2491
2494 2498
2500 2502
2504 2504
2509 2509
2518 2518
2523 2528
2531 2531
2534 2535
2537 2539
2543 2548
2552 2553
2557 2558
2560 2560
2566 2567
2573 2575
2577 2577
2581 2581
2585 2587
2591 2591
2593 2593
2600 2600
2602 2602
2606 2607
2619 2620
2622 2622
2624 2625
2627 2627
2635 2636
2642 2643
2653 2653
2656 2656
2659 2665
2667 2667
2672 2672
2675 2675
2679 2679
2684 2685
2688 2691
2693 2693
2696 2696
2699 2699
2703 2705
2710 2711
2713 2713
2717 2717
2719 2720
2723 2723
2729 2730
2740 2745
2748 2749
2755 2758
2763 2764
2769 2775
2779 2779
2782 2783
2791 2792
2794 2794
2796 2796
2799 2799
2801 2801
2804 2805
2807 2807
2809 2809
2812 2812
2815 2816
2818 2818
2822 2823
2827 2829
2835 2835
2840 2842
2855 2855
2863 2866
2874 2875
2880 2880
2885 2888
2891 2895
2897 2897
2900 2900
2905 2908
2910 2910
2912 2913
2917 2920
2923 2924
2929 2930
2934 2934
2938 2938
2940 2940
2948 2950
2953 2953
2956 2960
2963 2963
2966 2966
2969 2969
2972 2974
2979 2981
2986 2986
2991 2992
2995 2997
3001 3002
3009 3014
3019 3021
3023 3025
3027 3030
3032 3033
3035 3037
3040 3042
3044 3047
3051 3052
3054 3054
3056 3056
3058 3060
3069 3072
3076 3077
3080 3080
3082 3082
3087 3093
3100 3104
3108 3111
3116 3116
3119 3119
3121 3121
3124 3124
3126 3127
3142 3142
3145 3146
3150 3150
3155 3155


COL: userAcceleration.z
ABSOLUTE VALUE MAX/MIN
Max: 0.286667 line: 2736
Min: 3.57507e-05 line: 542

NON ABSOLUTE VALUE MAX/MIN
Max: 0.0873927 line: 1442
Min: -0.286667 line: 2736

ABSOLUTE VALUE ONE STEP CHANGE
Max change: 0.116952 line: 2740
Min change: 1.198e-06 line: 3152
Average change: 0.00540819


INCREASING / DECREASING
Increasing: 
1 21
24 25
27 27
29 30
33 37
39 41
47 52
54 56
59 59
64 64
70 73
77 78
83 86
88 96
98 100
104 109
114 118
120 121
123 125
132 132
135 136
140 146
148 150
152 159
166 166
178 178
181 185
188 189
194 195
197 197
200 202
204 204
213 216
219 219
222 225
231 232
234 235
239 241
245 246
252 253
257 259
261 265
267 267
273 276
279 280
283 288
298 300
303 305
309 309
312 314
317 319
321 325
329 330
334 334
338 339
342 349
351 358
365 370
378 379
383 387
392 393
395 398
402 403
408 408
410 410
414 414
417 418
421 422
426 426
429 430
432 434
438 438
441 442
445 449
452 456
464 468
470 470
473 474
477 480
485 487
489 490
492 495
497 499
504 505
507 507
509 510
513 514
516 519
521 521
523 524
526 532
540 540
542 546
549 550
554 558
565 566
570 573
576 576
578 579
581 581
583 584
586 587
596 598
601 601
604 607
612 619
623 632
636 637
639 639
641 642
644 648
657 659
666 669
672 678
683 690
692 692
695 696
698 700
704 704
712 720
727 727
729 730
732 732
735 739
743 744
748 751
754 760
763 765
767 769
774 776
781 784
786 788
790 792
796 796
802 804
806 807
811 811
814 817
821 822
827 828
830 837
839 839
841 842
844 844
848 851
856 858
861 863
865 867
873 874
876 878
880 883
886 889
892 895
898 898
901 901
903 904
910 910
914 917
921 924
928 930
932 934
940 940
943 943
945 945
949 952
955 956
959 962
964 966
973 985
991 994
999 1000
1003 1008
1013 1015
1019 1023
1025 1033
1040 1040
1044 1048
1058 1061
1064 1064
1068 1068
1077 1077
1080 1082
1085 1087
1093 1094
1099 1106
1110 1110
1114 1114
1116 1118
1120 1123
1126 1133
1135 1139
1141 1144
1151 1152
1155 1161
1167 1167
1169 1176
1178 1180
1182 1184
1190 1193
1195 1199
1204 1205
1207 1213
1219 1223
1226 1227
1230 1231
1233 1237
1243 1257
1261 1263
1269 1270
1275 1277
1281 1283
1285 1290
1299 1300
1303 1309
1311 1311
1321 1331
1336 1337
1339 1340
1352 1358
1361 1362
1365 1365
1368 1368
1374 1374
1376 1377
1381 1382
1386 1386
1388 1392
1396 1399
1405 1406
1409 1411
1413 1417
1419 1419
1423 1423
1426 1432
1437 1442
1445 1446
1450 1456
1458 1458
1467 1468
1472 1473
1481 1484
1487 1487
1490 1492
1497 1502
1509 1513
1519 1519
1521 1528
1542 1545
1548 1552
1558 1563
1568 1570
1573 1576
1582 1585
1590 1603
1608 1608
1616 1620
1623 1623
1628 1628
1635 1637
1640 1654
1659 1662
1664 1665
1669 1671
1674 1677
1681 1683
1686 1690
1694 1695
1697 1697
1701 1704
1708 1709
1712 1714
1716 1718
1720 1720
1722 1723
1727 1729
1734 1735
1740 1742
1745 1752
1759 1762
1764 1767
1771 1772
1774 1776
1778 1781
1785 1785
1788 1791
1793 1794
1799 1803
1808 1813
1820 1827
1836 1837
1839 1842
1847 1851
1854 1862
1864 1864
1866 1866
1868 1872
1885 1885
1892 1897
1902 1902
1912 1913
1915 1920
1923 1925
1930 1932
1936 1944
1953 1956
1970 1972
1974 1975
1980 1981
1987 1988
1991 1992
1996 1996
1999 2000
2003 2004
2007 2014
2016 2016
2021 2021
2024 2026
2028 2029
2031 2032
2034 2038
2040 2040
2043 2044
2046 2046
2050 2052
2055 2057
2061 2063
2065 2065
2067 2067
2071 2075
2077 2082
2085 2086
2088 2090
2093 2094
2096 2096
2099 2102
2104 2116
2124 2133
2139 2143
2146 2147
2152 2154
2162 2166
2168 2169
2176 2180
2185 2186
2190 2191
2194 2196
2201 2203
2209 2211
2214 2215
2218 2222
2228 2232
2235 2240
2243 2243
2246 2246
2248 2251
2255 2261
2266 2269
2271 2273
2277 2284
2291 2294
2296 2296
2298 2304
2308 2310
2314 2330
2344 2344
2346 2349
2352 2352
2355 2357
2359 2360
2363 2371
2374 2374
2377 2379
2392 2393
2395 2396
2404 2410
2412 2414
2416 2418
2423 2423
2426 2428
2431 2432
2435 2436
2439 2440
2443 2445
2449 2466
2474 2474
2485 2487
2490 2493
2496 2496
2499 2499
2503 2503
2509 2511
2513 2515
2517 2523
2525 2527
2530 2530
2532 2533
2540 2540
2543 2545
2547 2548
2552 2552
2555 2558
2560 2564
2567 2567
2569 2570
2572 2576
2580 2581
2585 2586
2588 2590
2594 2596
2598 2599
2605 2605
2610 2612
2622 2625
2627 2632
2636 2641
2644 2652
2668 2668
2672 2674
2678 2679
2681 2682
2685 2685
2689 2690
2693 2696
2699 2702
2705 2705
2707 2710
2714 2716
2719 2736
2744 2747
2752 2756
2759 2760
2763 2764
2766 2767
2771 2771
2777 2780
2784 2789
2792 2793
2795 2798
2802 2804
2807 2808
2815 2817
2819 2824
2827 2828
2830 2830
2832 2833
2836 2837
2840 2841
2845 2846
2848 2849
2855 2864
2867 2867
2869 2875
2881 2881
2887 2887
2892 2896
2899 2900
2904 2904
2906 2910
2912 2922
2928 2933
2935 2935
2938 2940
2942 2944
2946 2950
2956 2960
2963 2968
2975 2975
2979 2986
2988 2989
2991 2992
2994 2996
2998 2999
3001 3001
3003 3003
3005 3005
3010 3010
3012 3015
3018 3019
3022 3022
3024 3025
3028 3028
3030 3036
3040 3041
3043 3046
3049 3050
3053 3053
3055 3056
3058 3058
3060 3060
3063 3066
3069 3070
3072 3073
3075 3080
3083 3085
3087 3087
3089 3090
3094 3102
3108 3110
3115 3117
3119 3119
3121 3121
3123 3125
3135 3140
3146 3147
3149 3150
3153 3153
Decreasing: 
22 23
26 26
28 28
31 32
38 38
42 46
53 53
57 58
60 63
65 69
74 76
79 82
87 87
97 97
101 103
110 113
119 119
122 122
126 131
133 134
137 139
147 147
151 151
160 165
167 177
179 180
186 187
190 193
196 196
198 199
203 203
205 212
217 218
220 221
226 230
233 233
236 238
242 244
247 251
254 256
260 260
266 266
268 272
277 278
281 282
289 297
301 302
306 308
310 311
315 316
320 320
326 328
331 333
335 337
340 341
350 350
359 364
371 377
380 382
388 391
394 394
399 401
404 407
409 409
411 413
415 416
419 420
423 425
427 428
431 431
435 437
439 440
443 444
450 451
457 463
469 469
471 472
475 476
481 484
488 488
491 491
496 496
500 503
506 506
508 508
511 512
515 515
520 520
522 522
525 525
533 539
541 541
547 548
551 553
559 564
567 569
574 575
577 577
580 580
582 582
585 585
588 595
599 600
602 603
608 611
620 622
633 635
638 638
640 640
643 643
649 656
660 665
670 671
679 682
691 691
693 694
697 697
701 703
705 711
721 726
728 728
731 731
733 734
740 742
745 747
752 753
761 762
766 766
770 773
777 780
785 785
789 789
793 795
797 801
805 805
808 810
812 813
818 820
823 826
829 829
838 838
840 840
843 843
845 847
852 855
859 860
864 864
868 872
875 875
879 879
884 885
890 891
896 897
899 900
902 902
905 909
911 913
918 920
925 927
931 931
935 939
941 942
944 944
946 948
953 954
957 958
963 963
967 972
986 990
995 998
1001 1002
1009 1012
1016 1018
1024 1024
1034 1039
1041 1043
1049 1057
1062 1063
1065 1067
1069 1076
1078 1079
1083 1084
1088 1092
1095 1098
1107 1109
1111 1113
1115 1115
1119 1119
1124 1125
1134 1134
1140 1140
1145 1150
1153 1154
1162 1166
1168 1168
1177 1177
1181 1181
1185 1189
1194 1194
1200 1203
1206 1206
1214 1218
1224 1225
1228 1229
1232 1232
1238 1242
1258 1260
1264 1268
1271 1274
1278 1280
1284 1284
1291 1298
1301 1302
1310 1310
1312 1320
1332 1335
1338 1338
1341 1351
1359 1360
1363 1364
1366 1367
1369 1373
1375 1375
1378 1380
1383 1385
1387 1387
1393 1395
1400 1404
1407 1408
1412 1412
1418 1418
1420 1422
1424 1425
1433 1436
1443 1444
1447 1449
1457 1457
1459 1466
1469 1471
1474 1480
1485 1486
1488 1489
1493 1496
1503 1508
1514 1518
1520 1520
1529 1541
1546 1547
1553 1557
1564 1567
1571 1572
1577 1581
1586 1589
1604 1607
1609 1615
1621 1622
1624 1627
1629 1634
1638 1639
1655 1658
1663 1663
1666 1668
1672 1673
1678 1680
1684 1685
1691 1693
1696 1696
1698 1700
1705 1707
1710 1711
1715 1715
1719 1719
1721 1721
1724 1726
1730 1733
1736 1739
1743 1744
1753 1758
1763 1763
1768 1770
1773 1773
1777 1777
1782 1784
1786 1787
1792 1792
1795 1798
1804 1807
1814 1819
1828 1835
1838 1838
1843 1846
1852 1853
1863 1863
1865 1865
1867 1867
1873 1884
1886 1891
1898 1901
1903 1911
1914 1914
1921 1922
1926 1929
1933 1935
1945 1952
1957 1969
1973 1973
1976 1979
1982 1986
1989 1990
1993 1995
1997 1998
2001 2002
2005 2006
2015 2015
2017 2020
2022 2023
2027 2027
2030 2030
2033 2033
2039 2039
2041 2042
2045 2045
2047 2049
2053 2054
2058 2060
2064 2064
2066 2066
2068 2070
2076 2076
2083 2084
2087 2087
2091 2092
2095 2095
2097 2098
2103 2103
2117 2123
2134 2138
2144 2145
2148 2151
2155 2161
2167 2167
2170 2175
2181 2184
2187 2189
2192 2193
2197 2200
2204 2208
2212 2213
2216 2217
2223 2227
2233 2234
2241 2242
2244 2245
2247 2247
2252 2254
2262 2265
2270 2270
2274 2276
2285 2290
2295 2295
2297 2297
2305 2307
2311 2313
2331 2343
2345 2345
2350 2351
2353 2354
2358 2358
2361 2362
2372 2373
2375 2376
2380 2391
2394 2394
2397 2403
2411 2411
2415 2415
2419 2422
2424 2425
2429 2430
2433 2434
2437 2438
2441 2442
2446 2448
2467 2473
2475 2484
2488 2489
2494 2495
2497 2498
2500 2502
2504 2508
2512 2512
2516 2516
2524 2524
2528 2529
2531 2531
2534 2539
2541 2542
2546 2546
2549 2551
2553 2554
2559 2559
2565 2566
2568 2568
2571 2571
2577 2579
2582 2584
2587 2587
2591 2593
2597 2597
2600 2604
2606 2609
2613 2621
2626 2626
2633 2635
2642 2643
2653 2667
2669 2671
2675 2677
2680 2680
2683 2684
2686 2688
2691 2692
2697 2698
2703 2704
2706 2706
2711 2713
2717 2718
2737 2743
2748 2751
2757 2758
2761 2762
2765 2765
2768 2770
2772 2776
2781 2783
2790 2791
2794 2794
2799 2801
2805 2806
2809 2814
2818 2818
2825 2826
2829 2829
2831 2831
2834 2835
2838 2839
2842 2844
2847 2847
2850 2854
2865 2866
2868 2868
2876 2880
2882 2886
2888 2891
2897 2898
2901 2903
2905 2905
2911 2911
2923 2927
2934 2934
2936 2937
2941 2941
2945 2945
2951 2955
2961 2962
2969 2974
2976 2978
2987 2987
2990 2990
2993 2993
2997 2997
3000 3000
3002 3002
3004 3004
3006 3009
3011 3011
3016 3017
3020 3021
3023 3023
3026 3027
3029 3029
3037 3039
3042 3042
3047 3048
3051 3052
3054 3054
3057 3057
3059 3059
3061 3062
3067 3068
3071 3071
3074 3074
3081 3082
3086 3086
3088 3088
3091 3093
3103 3107
3111 3114
3118 3118
3120 3120
3122 3122
3126 3134
3141 3145
3148 3148
3151 3152


COL: gameObject.transform.position.x
ABSOLUTE VALUE MAX/MIN
Max: 1.7201 line: 129
Min: 0.0547955 line: 2906

NON ABSOLUTE VALUE MAX/MIN
Max: 1.7201 line: 129
Min: 0.0547955 line: 2906

ABSOLUTE VALUE ONE STEP CHANGE
Max change: 0.022072 line: 2893
Min change: 1e-08 line: 3149
Average change: 0.00140806


INCREASING / DECREASING
Increasing: 
1 129
259 335
550 662
875 1065
1329 1476
1603 1769
1943 2224
2378 2494
2659 2726
2907 2910
2914 2917
2920 3149
Decreasing: 
130 258
336 549
663 874
1066 1328
1477 1602
1770 1942
2225 2377
2495 2658
2727 2906
2911 2913
2918 2919
3150 3153


COL: gameObject.transform.position.y
ABSOLUTE VALUE MAX/MIN
Max: 1.5 line: 1
Min: 1.5 line: 1

NON ABSOLUTE VALUE MAX/MIN
Max: 1.5 line: 3157
Min: 1.5 line: 3157

ABSOLUTE VALUE ONE STEP CHANGE
Max change: 0 line: 21121936
Min change: 1e+06 line: 3157
Average change: 0


INCREASING / DECREASING
Increasing: 
Decreasing: 


COL: gameObject.transform.position.z
ABSOLUTE VALUE MAX/MIN
Max: 2.18139 line: 1671
Min: 1e+06 line: 0

NON ABSOLUTE VALUE MAX/MIN
Max: 0 line: 1671
Min: -2.18139 line: 1671

ABSOLUTE VALUE ONE STEP CHANGE
Max change: 0.02217 line: 1466
Min change: 1e-07 line: 3149
Average change: 0.00170027


INCREASING / DECREASING
Increasing: 
1 378
961 1409
1428 1671
1943 2147
2744 2873
Decreasing: 
379 960
1410 1427
1672 1942
2148 2743


COL: eulerAngles.x
ABSOLUTE VALUE MAX/MIN
Max: 69.8513 line: 1671
Min: 0.00809094 line: 969

NON ABSOLUTE VALUE MAX/MIN
Max: 57.6245 line: 2825
Min: -69.8513 line: 1671

ABSOLUTE VALUE ONE STEP CHANGE
Max change: 6.12499 line: 2873
Min change: 8e-05 line: 2461
Average change: 0.357874


INCREASING / DECREASING
Increasing: 
1 26
29 30
37 41
44 44
46 63
68 72
93 93
102 123
136 136
148 149
151 155
158 161
164 164
168 173
180 214
219 219
224 224
247 261
266 267
288 288
303 311
335 353
356 358
382 389
400 420
432 443
446 447
449 453
459 465
471 476
510 523
525 535
537 539
545 572
575 576
582 584
587 592
594 594
629 680
683 694
739 741
781 885
969 985
992 995
997 997
999 1000
1010 1012
1020 1026
1042 1046
1054 1054
1070 1070
1085 1094
1101 1107
1110 1121
1131 1138
1142 1143
1147 1158
1196 1227
1230 1235
1237 1238
1265 1329
1333 1333
1383 1424
1429 1432
1436 1437
1459 1486
1537 1636
1638 1638
1646 1671
1679 1680
1682 1685
1739 1741
1810 1823
1826 1827
1830 1834
1846 1877
1879 1879
1881 1887
1892 1892
1894 1894
1896 1896
1899 1902
1904 1905
1907 1908
1910 1911
1922 1923
1926 1926
1936 1937
1940 1945
1951 1955
1963 1964
1971 1973
2000 2010
2013 2013
2025 2029
2041 2042
2045 2045
2050 2050
2052 2063
2065 2074
2076 2084
2090 2090
2092 2092
2096 2098
2100 2100
2102 2102
2104 2104
2107 2107
2111 2112
2115 2125
2133 2142
2144 2144
2147 2147
2150 2150
2152 2155
2157 2157
2167 2173
2189 2189
2192 2198
2200 2218
2231 2231
2237 2244
2249 2252
2257 2261
2269 2269
2279 2286
2308 2337
2346 2350
2355 2366
2368 2368
2375 2381
2383 2383
2395 2395
2415 2422
2425 2442
2444 2444
2453 2501
2505 2510
2512 2514
2564 2611
2613 2640
2658 2674
2676 2697
2700 2700
2702 2702
2708 2714
2719 2732
2741 2766
2768 2773
2776 2791
2793 2811
2817 2822
2825 2825
2839 2847
2849 2850
2854 2855
2888 3065
3067 3069
Decreasing: 
27 28
31 36
42 43
45 45
64 67
73 92
94 101
124 135
137 147
150 150
156 157
162 163
165 167
174 179
215 218
220 223
225 246
262 265
268 287
289 302
312 334
354 355
359 381
390 399
421 431
444 445
448 448
454 458
466 470
477 509
524 524
536 536
540 544
573 574
577 581
585 586
593 593
595 628
681 682
695 738
742 780
886 968
986 991
996 996
998 998
1001 1009
1013 1019
1027 1041
1047 1053
1055 1069
1071 1084
1095 1100
1108 1109
1122 1130
1139 1141
1144 1146
1159 1195
1228 1229
1236 1236
1239 1264
1330 1332
1334 1382
1425 1428
1433 1435
1438 1458
1487 1536
1637 1637
1639 1645
1672 1678
1681 1681
1686 1738
1742 1809
1824 1825
1828 1829
1835 1845
1878 1878
1880 1880
1888 1891
1893 1893
1895 1895
1897 1898
1903 1903
1906 1906
1909 1909
1912 1921
1924 1925
1927 1935
1938 1939
1946 1950
1956 1962
1965 1970
1974 1999
2011 2012
2014 2024
2030 2040
2043 2044
2046 2049
2051 2051
2064 2064
2075 2075
2085 2089
2091 2091
2093 2095
2099 2099
2101 2101
2103 2103
2105 2106
2108 2110
2113 2114
2126 2132
2143 2143
2145 2146
2148 2149
2151 2151
2156 2156
2158 2166
2174 2188
2190 2191
2199 2199
2219 2230
2232 2236
2245 2248
2253 2256
2262 2268
2270 2278
2287 2307
2338 2345
2351 2354
2367 2367
2369 2374
2382 2382
2384 2394
2396 2414
2423 2424
2443 2443
2445 2452
2502 2504
2511 2511
2515 2563
2612 2612
2641 2657
2675 2675
2698 2699
2701 2701
2703 2707
2715 2718
2733 2740
2767 2767
2774 2775
2792 2792
2812 2816
2823 2824
2826 2838
2848 2848
2851 2853
2856 2887
3066 3066


COL: eulerAngles.y
ABSOLUTE VALUE MAX/MIN
Max: 179.907 line: 548
Min: 0.260565 line: 1064

NON ABSOLUTE VALUE MAX/MIN
Max: 179.907 line: 548
Min: -179.879 line: 2223

ABSOLUTE VALUE ONE STEP CHANGE
Max change: 12.1778 line: 2735
Min change: 2e-05 line: 2814
Average change: 0.790186


INCREASING / DECREASING
Increasing: 
1 26
55 91
129 181
195 200
258 265
269 303
335 521
528 549
628 662
680 689
773 776
778 874
1064 1183
1192 1197
1228 1235
1237 1239
1242 1247
1251 1257
1328 1411
1476 1497
1511 1514
1530 1535
1540 1543
1546 1575
1602 1769
1825 1871
1964 1974
1986 1986
1990 2001
2010 2016
2020 2032
2036 2224
2330 2377
2385 2389
2395 2396
2410 2427
2429 2454
2462 2494
2560 2612
2614 2658
2669 2669
2675 2675
2689 2702
2704 2717
2720 2725
2758 2758
2766 2813
2816 2842
2845 2911
2918 2918
2920 2924
2935 2989
2993 2993
2996 2997
3048 3048
3050 3050
3065 3069
3072 3074
3082 3085
3087 3087
3089 3089
3091 3101
3103 3126
3128 3128
3131 3131
3133 3139
3146 3148
Decreasing: 
27 54
92 128
182 194
201 257
266 268
304 334
522 527
550 627
663 679
690 772
777 777
875 1063
1184 1191
1198 1227
1236 1236
1240 1241
1248 1250
1258 1327
1412 1475
1498 1510
1515 1529
1536 1539
1544 1545
1576 1601
1770 1824
1872 1963
1975 1985
1987 1989
2002 2009
2017 2019
2033 2035
2225 2329
2378 2384
2390 2394
2397 2409
2428 2428
2455 2461
2495 2559
2613 2613
2659 2668
2670 2674
2676 2688
2703 2703
2718 2719
2726 2757
2759 2765
2814 2815
2843 2844
2912 2917
2919 2919
2925 2934
2990 2992
2994 2995
2998 3047
3049 3049
3051 3064
3070 3071
3075 3081
3086 3086
3088 3088
3090 3090
3102 3102
3127 3127
3129 3130
3132 3132
3140 3145


COL: eulerAngles.z
ABSOLUTE VALUE MAX/MIN
Max: 23.2329 line: 2665
Min: 0.0018082 line: 2121

NON ABSOLUTE VALUE MAX/MIN
Max: 23.2329 line: 2665
Min: -20.362 line: 2746

ABSOLUTE VALUE ONE STEP CHANGE
Max change: 5.9027 line: 2735
Min change: 3.8e-05 line: 2912
Average change: 0.190781


INCREASING / DECREASING
Increasing: 
1 18
21 24
26 31
36 36
42 44
61 92
94 97
149 163
165 168
170 170
175 176
206 212
215 221
227 227
237 237
239 243
253 259
265 272
274 309
345 357
360 369
372 372
376 377
398 431
433 433
441 460
468 470
473 473
524 524
545 546
548 555
558 558
563 564
567 571
576 576
578 580
585 591
600 600
602 612
615 620
622 633
638 641
656 659
662 668
673 674
676 679
689 690
693 698
700 728
744 744
766 767
779 809
811 827
830 861
873 875
877 877
879 881
902 905
911 928
942 946
950 956
971 973
976 979
981 985
987 987
991 991
1000 1013
1016 1020
1022 1022
1031 1038
1040 1040
1044 1044
1047 1051
1059 1059
1062 1067
1069 1071
1076 1079
1082 1083
1085 1097
1099 1107
1121 1140
1144 1144
1147 1171
1173 1183
1186 1190
1209 1210
1214 1214
1219 1222
1224 1225
1231 1231
1234 1235
1240 1269
1271 1277
1286 1288
1299 1299
1306 1306
1318 1322
1331 1335
1337 1340
1345 1367
1375 1375
1400 1402
1415 1416
1429 1431
1440 1455
1528 1534
1539 1543
1550 1550
1555 1555
1558 1561
1570 1570
1572 1572
1579 1583
1593 1609
1611 1638
1640 1654
1674 1674
1679 1682
1687 1693
1696 1709
1739 1745
1764 1767
1770 1792
1797 1802
1813 1831
1836 1846
1848 1854
1916 1921
1930 1934
1938 1943
1948 1963
1969 1971
1990 1995
1998 1998
2007 2007
2011 2011
2020 2026
2028 2028
2039 2045
2068 2068
2073 2073
2077 2077
2079 2083
2085 2085
2095 2098
2100 2102
2122 2128
2131 2138
2145 2157
2160 2160
2165 2166
2189 2199
2205 2206
2216 2220
2228 2231
2239 2240
2249 2252
2258 2265
2271 2277
2284 2284
2293 2294
2297 2297
2299 2339
2363 2366
2368 2368
2373 2380
2387 2394
2396 2401
2406 2441
2444 2445
2455 2489
2491 2491
2493 2493
2502 2503
2519 2524
2527 2529
2577 2608
2612 2614
2617 2619
2625 2627
2629 2629
2631 2636
2642 2663
2665 2665
2683 2684
2686 2686
2719 2723
2734 2746
2766 2766
2785 2785
2796 2798
2813 2816
2829 2829
2831 2832
2842 2847
2851 2853
2873 2900
2902 2911
2913 2936
2938 2941
2944 2945
2947 2947
2949 2950
2952 2960
2990 2992
2994 2995
2998 3055
3057 3065
3067 3072
3075 3088
3090 3092
3101 3102
3105 3105
3112 3112
3125 3125
3135 3135
3152 3152
Decreasing: 
19 20
25 25
32 35
37 41
45 60
93 93
98 148
164 164
169 169
171 174
177 205
213 214
222 226
228 236
238 238
244 252
260 264
273 273
310 344
358 359
370 371
373 375
378 397
432 432
434 440
461 467
471 472
474 523
525 544
547 547
556 557
559 562
565 566
572 575
577 577
581 584
592 599
601 601
613 614
621 621
634 637
642 655
660 661
669 672
675 675
680 688
691 692
699 699
729 743
745 765
768 778
810 810
828 829
862 872
876 876
878 878
882 901
906 910
929 941
947 949
957 970
974 975
980 980
986 986
988 990
992 999
1014 1015
1021 1021
1023 1030
1039 1039
1041 1043
1045 1046
1052 1058
1060 1061
1068 1068
1072 1075
1080 1081
1084 1084
1098 1098
1108 1120
1141 1143
1145 1146
1172 1172
1184 1185
1191 1208
1211 1213
1215 1218
1223 1223
1226 1230
1232 1233
1236 1239
1270 1270
1278 1285
1289 1298
1300 1305
1307 1317
1323 1330
1336 1336
1341 1344
1368 1374
1376 1399
1403 1414
1417 1428
1432 1439
1456 1527
1535 1538
1544 1549
1551 1554
1556 1557
1562 1569
1571 1571
1573 1578
1584 1592
1610 1610
1639 1639
1655 1673
1675 1678
1683 1686
1694 1695
1710 1738
1746 1763
1768 1769
1793 1796
1803 1812
1832 1835
1847 1847
1855 1915
1922 1929
1935 1937
1944 1947
1964 1968
1972 1989
1996 1997
1999 2006
2008 2010
2012 2019
2027 2027
2029 2038
2046 2067
2069 2072
2074 2076
2078 2078
2084 2084
2086 2094
2099 2099
2103 2121
2129 2130
2139 2144
2158 2159
2161 2164
2167 2188
2200 2204
2207 2215
2221 2227
2232 2238
2241 2248
2253 2257
2266 2270
2278 2283
2285 2292
2295 2296
2298 2298
2340 2362
2367 2367
2369 2372
2381 2386
2395 2395
2402 2405
2442 2443
2446 2454
2490 2490
2492 2492
2494 2501
2504 2518
2525 2526
2530 2576
2609 2611
2615 2616
2620 2624
2628 2628
2630 2630
2637 2641
2664 2664
2666 2682
2685 2685
2687 2718
2724 2733
2747 2765
2767 2784
2786 2795
2799 2812
2817 2828
2830 2830
2833 2841
2848 2850
2854 2872
2901 2901
2912 2912
2937 2937
2942 2943
2946 2946
2948 2948
2951 2951
2961 2989
2993 2993
2996 2997
3056 3056
3066 3066
3073 3074
3089 3089
3093 3100
3103 3104
3106 3111
3113 3124
3126 3134
3136 3151


