COL: userAcceleration.x
ABSOLUTE VALUE MAX/MIN
Max: 0.309182 line: 1595
Min: 5.28055e-05 line: 1339

NON ABSOLUTE VALUE MAX/MIN
Max: 0.274983 line: 793
Min: -0.309182 line: 1595

ABSOLUTE VALUE ONE STEP CHANGE
Max change: 0.105049 line: 269
Min change: 1.62e-06 line: 2999
Average change: 0.00807138


INCREASING / DECREASING
Increasing: 
1 3
5 6
9 10
13 14
18 18
21 22
24 25
27 29
32 33
37 38
40 43
47 47
50 50
52 54
56 57
64 67
70 71
74 75
77 80
83 85
87 88
92 92
95 100
104 105
108 108
112 114
118 119
130 134
138 145
149 149
153 154
157 159
164 166
168 169
175 177
180 183
187 187
196 200
205 205
207 209
222 232
239 249
259 267
273 276
280 288
294 294
299 302
305 305
310 315
322 330
334 334
340 344
346 346
354 358
361 362
365 367
375 377
379 382
390 392
394 396
402 403
407 409
414 415
418 420
424 424
426 428
433 440
448 451
453 455
459 465
470 470
479 481
484 493
496 503
505 507
509 509
511 513
516 516
519 519
521 521
523 523
527 527
529 531
533 534
536 541
549 553
557 558
562 562
567 572
580 582
586 586
589 595
601 602
604 608
613 617
621 626
632 632
635 647
653 654
658 660
671 674
682 686
691 691
699 700
702 702
704 704
706 706
708 711
714 716
722 723
727 727
730 733
735 736
739 742
749 753
756 756
758 758
762 762
766 766
768 776
781 785
787 788
792 793
799 799
801 804
806 815
820 821
829 831
836 838
841 843
850 850
854 857
860 864
872 872
874 874
877 878
882 882
885 888
895 898
902 904
906 906
908 911
913 915
917 917
919 921
926 930
932 932
935 937
943 948
950 950
952 953
955 956
958 960
962 962
966 967
971 972
975 975
977 979
982 986
992 999
1001 1002
1005 1005
1007 1010
1012 1013
1017 1019
1021 1023
1026 1026
1031 1038
1046 1048
1051 1055
1058 1061
1066 1066
1068 1069
1071 1073
1077 1083
1088 1091
1094 1096
1099 1101
1105 1105
1107 1110
1112 1113
1117 1118
1122 1124
1130 1136
1144 1147
1151 1153
1156 1157
1159 1162
1165 1167
1169 1170
1176 1180
1184 1186
1188 1188
1190 1191
1193 1194
1199 1201
1205 1207
1212 1217
1221 1222
1224 1231
1233 1235
1237 1242
1245 1245
1249 1249
1253 1259
1264 1267
1270 1273
1275 1280
1282 1282
1286 1289
1293 1295
1297 1301
1306 1307
1310 1312
1314 1318
1322 1323
1325 1326
1328 1330
1333 1333
1336 1336
1338 1345
1350 1353
1357 1357
1360 1363
1365 1365
1368 1370
1374 1376
1378 1381
1387 1389
1393 1394
1396 1397
1400 1403
1406 1414
1422 1427
1432 1439
1447 1452
1465 1466
1469 1471
1476 1477
1479 1480
1483 1491
1498 1502
1504 1505
1509 1509
1512 1517
1522 1525
1528 1534
1538 1540
1544 1544
1546 1548
1552 1552
1556 1558
1564 1568
1571 1572
1576 1579
1581 1583
1586 1595
1597 1597
1605 1615
1623 1634
1637 1638
1647 1651
1653 1654
1663 1663
1665 1666
1668 1669
1671 1677
1680 1682
1686 1689
1693 1693
1695 1696
1698 1699
1701 1702
1704 1709
1715 1715
1717 1719
1721 1724
1730 1731
1733 1745
1749 1750
1752 1754
1757 1759
1761 1764
1766 1767
1770 1771
1776 1776
1780 1782
1785 1786
1789 1791
1795 1797
1802 1804
1807 1810
1812 1814
1817 1819
1822 1823
1826 1827
1829 1829
1833 1838
1840 1840
1845 1847
1849 1854
1859 1863
1869 1871
1884 1885
1887 1888
1890 1890
1892 1894
1897 1898
1900 1903
1905 1908
1916 1917
1919 1921
1924 1924
1927 1928
1930 1935
1940 1941
1946 1949
1954 1957
1961 1961
1965 1970
1973 1974
1976 1977
1979 1982
1987 1988
1990 1990
1993 1993
1996 2001
2005 2008
2011 2014
2016 2018
2021 2023
2025 2030
2033 2033
2036 2040
2046 2048
2052 2052
2060 2060
2063 2068
2078 2081
2086 2086
2089 2093
2096 2105
2111 2111
2118 2121
2127 2133
2136 2141
2150 2154
2156 2156
2161 2165
2174 2174
2176 2177
2179 2183
2188 2191
2195 2198
2200 2202
2205 2206
2208 2209
2211 2212
2215 2218
2224 2224
2229 2233
2235 2236
2239 2241
2243 2244
2250 2260
2262 2265
2269 2271
2273 2276
2278 2283
2289 2290
2294 2294
2298 2298
2300 2303
2310 2318
2320 2322
2325 2331
2338 2342
2346 2349
2351 2355
2360 2360
2367 2372
2377 2378
2380 2381
2387 2393
2397 2397
2400 2402
2405 2405
2408 2408
2410 2411
2417 2423
2426 2431
2435 2438
2443 2445
2448 2451
2456 2459
2462 2465
2470 2470
2473 2480
2483 2487
2491 2491
2494 2494
2496 2500
2502 2503
2508 2510
2513 2513
2516 2519
2524 2526
2529 2530
2536 2539
2544 2544
2550 2555
2558 2559
2562 2563
2567 2567
2571 2572
2574 2574
2576 2577
2580 2586
2589 2589
2593 2595
2598 2599
2601 2602
2605 2606
2609 2611
2613 2614
2620 2622
2625 2631
2638 2642
2650 2651
2653 2655
2659 2660
2663 2667
2671 2672
2674 2675
2678 2679
2681 2683
2686 2687
2690 2690
2694 2697
2700 2704
2706 2707
2713 2716
2719 2720
2724 2726
2730 2731
2733 2736
2739 2740
2744 2745
2750 2754
2759 2763
2768 2769
2772 2777
2782 2786
2789 2794
2802 2806
2809 2819
2824 2830
2837 2837
2840 2840
2845 2851
2860 2861
2864 2864
2867 2867
2869 2872
2878 2880
2882 2884
2887 2889
2892 2893
2899 2899
2901 2905
2908 2913
2916 2916
2924 2924
2928 2929
2931 2937
2939 2950
2953 2954
2958 2959
2964 2964
2970 2983
2989 2995
Decreasing: 
4 4
7 8
11 12
15 17
19 20
23 23
26 26
30 31
34 36
39 39
44 46
48 49
51 51
55 55
58 63
68 69
72 73
76 76
81 82
86 86
89 91
93 94
101 103
106 107
109 111
115 117
120 129
135 137
146 148
150 152
155 156
160 163
167 167
170 174
178 179
184 186
188 195
201 204
206 206
210 221
233 238
250 258
268 272
277 279
289 293
295 298
303 304
306 309
316 321
331 333
335 339
345 345
347 353
359 360
363 364
368 374
378 378
383 389
393 393
397 401
404 406
410 413
416 417
421 423
425 425
429 432
441 447
452 452
456 458
466 469
471 478
482 483
494 495
504 504
508 508
510 510
514 515
517 518
520 520
522 522
524 526
528 528
532 532
535 535
542 548
554 556
559 561
563 566
573 579
583 585
587 588
596 600
603 603
609 612
618 620
627 631
633 634
648 652
655 657
661 670
675 681
687 690
692 698
701 701
703 703
705 705
707 707
712 713
717 721
724 726
728 729
734 734
737 738
743 748
754 755
757 757
759 761
763 765
767 767
777 780
786 786
789 791
794 798
800 800
805 805
816 819
822 828
832 835
839 840
844 849
851 853
858 859
865 871
873 873
875 876
879 881
883 884
889 894
899 901
905 905
907 907
912 912
916 916
918 918
922 925
931 931
933 934
938 942
949 949
951 951
954 954
957 957
961 961
963 965
968 970
973 974
976 976
980 981
987 991
1000 1000
1003 1004
1006 1006
1011 1011
1014 1016
1020 1020
1024 1025
1027 1030
1039 1045
1049 1050
1056 1057
1062 1065
1067 1067
1070 1070
1074 1076
1084 1087
1092 1093
1097 1098
1102 1104
1106 1106
1111 1111
1114 1116
1119 1121
1125 1129
1137 1143
1148 1150
1154 1155
1158 1158
1163 1164
1168 1168
1171 1175
1181 1183
1187 1187
1189 1189
1192 1192
1195 1198
1202 1204
1208 1211
1218 1220
1223 1223
1232 1232
1236 1236
1243 1244
1246 1248
1250 1252
1260 1263
1268 1269
1274 1274
1281 1281
1283 1285
1290 1292
1296 1296
1302 1305
1308 1309
1313 1313
1319 1321
1324 1324
1327 1327
1331 1332
1334 1335
1337 1337
1346 1349
1354 1356
1358 1359
1364 1364
1366 1367
1371 1373
1377 1377
1382 1386
1390 1392
1395 1395
1398 1399
1404 1405
1415 1421
1428 1431
1440 1446
1453 1464
1467 1468
1472 1475
1478 1478
1481 1482
1492 1497
1503 1503
1506 1508
1510 1511
1518 1521
1526 1527
1535 1537
1541 1543
1545 1545
1549 1551
1553 1555
1559 1563
1569 1570
1573 1575
1580 1580
1584 1585
1596 1596
1598 1604
1616 1622
1635 1636
1639 1646
1652 1652
1655 1662
1664 1664
1667 1667
1670 1670
1678 1679
1683 1685
1690 1692
1694 1694
1697 1697
1700 1700
1703 1703
1710 1714
1716 1716
1720 1720
1725 1729
1732 1732
1746 1748
1751 1751
1755 1756
1760 1760
1765 1765
1768 1769
1772 1775
1777 1779
1783 1784
1787 1788
1792 1794
1798 1801
1805 1806
1811 1811
1815 1816
1820 1821
1824 1825
1828 1828
1830 1832
1839 1839
1841 1844
1848 1848
1855 1858
1864 1868
1872 1883
1886 1886
1889 1889
1891 1891
1895 1896
1899 1899
1904 1904
1909 1915
1918 1918
1922 1923
1925 1926
1929 1929
1936 1939
1942 1945
1950 1953
1958 1960
1962 1964
1971 1972
1975 1975
1978 1978
1983 1986
1989 1989
1991 1992
1994 1995
2002 2004
2009 2010
2015 2015
2019 2020
2024 2024
2031 2032
2034 2035
2041 2045
2049 2051
2053 2059
2061 2062
2069 2077
2082 2085
2087 2088
2094 2095
2106 2110
2112 2117
2122 2126
2134 2135
2142 2149
2155 2155
2157 2160
2166 2173
2175 2175
2178 2178
2184 2187
2192 2194
2199 2199
2203 2204
2207 2207
2210 2210
2213 2214
2219 2223
2225 2228
2234 2234
2237 2238
2242 2242
2245 2249
2261 2261
2266 2268
2272 2272
2277 2277
2284 2288
2291 2293
2295 2297
2299 2299
2304 2309
2319 2319
2323 2324
2332 2337
2343 2345
2350 2350
2356 2359
2361 2366
2373 2376
2379 2379
2382 2386
2394 2396
2398 2399
2403 2404
2406 2407
2409 2409
2412 2416
2424 2425
2432 2434
2439 2442
2446 2447
2452 2455
2460 2461
2466 2469
2471 2472
2481 2482
2488 2490
2492 2493
2495 2495
2501 2501
2504 2507
2511 2512
2514 2515
2520 2523
2527 2528
2531 2535
2540 2543
2545 2549
2556 2557
2560 2561
2564 2566
2568 2570
2573 2573
2575 2575
2578 2579
2587 2588
2590 2592
2596 2597
2600 2600
2603 2604
2607 2608
2612 2612
2615 2619
2623 2624
2632 2637
2643 2649
2652 2652
2656 2658
2661 2662
2668 2670
2673 2673
2676 2677
2680 2680
2684 2685
2688 2689
2691 2693
2698 2699
2705 2705
2708 2712
2717 2718
2721 2723
2727 2729
2732 2732
2737 2738
2741 2743
2746 2749
2755 2758
2764 2767
2770 2771
2778 2781
2787 2788
2795 2801
2807 2808
2820 2823
2831 2836
2838 2839
2841 2844
2852 2859
2862 2863
2865 2866
2868 2868
2873 2877
2881 2881
2885 2886
2890 2891
2894 2898
2900 2900
2906 2907
2914 2915
2917 2923
2925 2927
2930 2930
2938 2938
2951 2952
2955 2957
2960 2963
2965 2969
2984 2988
2996 3000


COL: userAcceleration.y
ABSOLUTE VALUE MAX/MIN
Max: 0.429065 line: 1739
Min: 1.61431e-05 line: 939

NON ABSOLUTE VALUE MAX/MIN
Max: 0.251003 line: 1675
Min: -0.429065 line: 1739

ABSOLUTE VALUE ONE STEP CHANGE
Max change: 0.321241 line: 1740
Min change: 6.9e-07 line: 2999
Average change: 0.0108773


INCREASING / DECREASING
Increasing: 
1 3
6 6
12 12
15 15
17 18
20 21
24 24
26 29
31 37
39 41
43 43
45 45
47 47
49 51
53 54
57 60
62 62
64 66
68 70
72 73
78 79
81 85
88 88
92 96
99 101
104 104
106 108
112 113
115 116
118 119
121 123
128 128
130 131
133 133
135 135
137 140
144 145
150 150
152 154
156 160
165 168
170 175
178 181
184 185
187 189
193 196
200 202
205 205
208 209
212 212
216 217
219 219
221 224
227 229
231 232
234 237
239 242
245 246
248 249
251 252
254 256
258 258
260 265
269 271
274 279
281 282
285 286
289 294
297 301
305 308
310 311
313 314
316 318
322 327
330 331
334 339
341 345
352 353
360 362
368 369
372 372
376 376
378 381
385 387
389 391
394 394
397 397
400 403
406 409
411 412
415 419
424 426
428 431
435 437
439 442
446 447
449 450
452 453
456 461
464 464
469 469
473 475
479 481
484 484
486 489
492 493
498 500
502 504
506 508
510 513
516 516
519 522
524 526
528 530
536 539
541 543
549 553
555 557
561 561
565 566
569 572
576 577
582 583
586 590
592 593
596 597
599 606
608 608
610 610
613 613
616 618
624 625
628 632
634 639
641 643
646 648
652 656
658 659
662 667
672 674
676 678
680 682
685 685
687 688
690 690
692 696
698 699
701 702
707 708
711 711
714 714
716 716
718 720
722 722
724 725
727 728
730 732
734 734
736 738
740 745
747 751
753 755
758 759
761 761
764 767
769 776
778 778
780 784
788 790
792 797
804 804
808 809
811 811
817 819
824 828
830 831
833 835
837 837
840 843
847 848
850 853
855 855
857 857
860 864
867 871
875 878
881 881
885 890
893 896
899 904
906 907
912 915
917 918
921 922
924 928
930 930
932 934
936 938
940 941
943 944
948 948
950 952
954 956
958 961
963 965
968 968
970 970
973 977
979 979
981 981
984 986
991 992
995 995
1000 1001
1005 1006
1009 1010
1013 1015
1018 1018
1020 1024
1027 1028
1030 1030
1032 1032
1035 1036
1039 1040
1045 1049
1051 1055
1059 1064
1066 1066
1068 1069
1071 1074
1076 1082
1086 1087
1090 1092
1094 1095
1097 1099
1102 1104
1107 1108
1111 1112
1117 1121
1123 1123
1125 1125
1127 1127
1129 1130
1132 1137
1139 1141
1144 1144
1146 1150
1152 1154
1156 1160
1162 1166
1169 1169
1171 1174
1182 1183
1187 1188
1193 1194
1196 1196
1199 1200
1202 1208
1210 1211
1213 1218
1224 1226
1230 1230
1233 1235
1237 1238
1240 1241
1246 1249
1255 1255
1257 1264
1268 1271
1275 1281
1283 1287
1292 1294
1296 1296
1300 1302
1306 1308
1313 1319
1321 1322
1324 1326
1328 1330
1333 1346
1349 1352
1357 1357
1359 1364
1373 1377
1383 1399
1402 1405
1408 1413
1415 1422
1425 1433
1437 1446
1450 1455
1459 1459
1461 1464
1466 1469
1475 1475
1477 1478
1483 1483
1485 1489
1492 1492
1494 1496
1498 1502
1504 1506
1508 1508
1512 1513
1516 1516
1518 1519
1521 1523
1526 1528
1534 1537
1541 1544
1547 1548
1550 1551
1553 1555
1557 1557
1559 1560
1564 1564
1566 1568
1571 1574
1576 1578
1581 1582
1585 1587
1589 1594
1596 1598
1601 1602
1604 1606
1608 1613
1615 1616
1619 1619
1621 1625
1627 1629
1632 1632
1634 1634
1636 1637
1640 1641
1644 1644
1646 1646
1648 1650
1652 1654
1657 1659
1662 1663
1666 1667
1669 1675
1678 1679
1682 1685
1689 1690
1693 1694
1702 1703
1707 1707
1710 1710
1714 1716
1721 1722
1724 1724
1727 1739
1741 1746
1750 1750
1752 1753
1757 1757
1759 1759
1761 1763
1767 1767
1770 1777
1781 1788
1790 1791
1793 1796
1798 1798
1801 1804
1806 1810
1813 1814
1817 1821
1826 1827
1830 1830
1834 1838
1846 1849
1854 1860
1863 1863
1865 1865
1868 1868
1873 1873
1877 1877
1880 1882
1884 1884
1886 1891
1896 1905
1908 1908
1911 1914
1918 1920
1925 1926
1928 1930
1935 1939
1941 1945
1949 1949
1953 1953
1958 1958
1961 1966
1969 1970
1972 1973
1976 1978
1981 1983
1986 1986
1990 1991
1997 1997
2000 2002
2004 2009
2014 2015
2017 2024
2027 2027
2029 2029
2033 2033
2035 2042
2046 2047
2052 2053
2055 2055
2059 2059
2061 2062
2064 2064
2066 2066
2068 2072
2074 2076
2079 2080
2082 2084
2087 2087
2091 2096
2099 2101
2105 2105
2108 2117
2119 2119
2122 2123
2125 2126
2128 2130
2132 2134
2136 2136
2138 2143
2145 2145
2148 2150
2152 2153
2156 2156
2159 2160
2162 2165
2167 2167
2169 2171
2173 2173
2175 2175
2177 2177
2179 2181
2184 2185
2188 2191
2194 2198
2200 2205
2209 2211
2213 2216
2218 2218
2222 2223
2226 2227
2229 2230
2232 2234
2237 2240
2244 2248
2251 2254
2256 2260
2263 2263
2266 2267
2274 2274
2279 2280
2283 2284
2293 2296
2298 2299
2301 2304
2306 2306
2310 2311
2314 2318
2320 2322
2325 2331
2337 2339
2342 2344
2348 2350
2354 2358
2360 2362
2364 2366
2368 2370
2374 2376
2382 2384
2386 2388
2391 2394
2397 2398
2401 2404
2407 2407
2409 2410
2412 2412
2416 2419
2422 2428
2430 2430
2432 2432
2434 2435
2438 2441
2444 2447
2449 2451
2455 2457
2461 2464
2467 2468
2470 2472
2475 2480
2482 2482
2486 2489
2491 2492
2494 2495
2497 2498
2501 2501
2504 2505
2511 2511
2514 2517
2520 2521
2524 2525
2529 2530
2532 2536
2539 2544
2546 2556
2558 2566
2573 2575
2581 2584
2586 2588
2590 2592
2599 2602
2605 2605
2608 2610
2612 2612
2614 2616
2620 2623
2628 2630
2634 2638
2643 2644
2648 2654
2657 2657
2659 2660
2662 2668
2670 2675
2682 2685
2687 2687
2689 2690
2692 2699
2702 2704
2707 2707
2712 2713
2716 2717
2720 2721
2723 2725
2730 2733
2737 2739
2741 2745
2747 2748
2751 2754
2757 2757
2759 2762
2764 2764
2766 2768
2770 2771
2773 2773
2776 2776
2778 2780
2783 2783
2787 2789
2794 2794
2796 2796
2799 2800
2802 2802
2804 2807
2809 2810
2813 2813
2816 2818
2820 2821
2825 2826
2829 2829
2831 2836
2838 2840
2845 2846
2849 2850
2855 2857
2859 2859
2863 2864
2866 2873
2876 2879
2881 2882
2884 2885
2888 2890
2892 2893
2895 2896
2899 2900
2902 2905
2907 2907
2909 2909
2912 2915
2918 2919
2922 2924
2927 2929
2932 2933
2935 2937
2940 2940
2942 2944
2946 2950
2952 2956
2958 2959
2963 2968
2970 2972
2975 2980
2982 2982
2985 2987
2989 2990
2994 2994
2997 2997
Decreasing: 
4 5
7 11
13 14
16 16
19 19
22 23
25 25
30 30
38 38
42 42
44 44
46 46
48 48
52 52
55 56
61 61
63 63
67 67
71 71
74 77
80 80
86 87
89 91
97 98
102 103
105 105
109 111
114 114
117 117
120 120
124 127
129 129
132 132
134 134
136 136
141 143
146 149
151 151
155 155
161 164
169 169
176 177
182 183
186 186
190 192
197 199
203 204
206 207
210 211
213 215
218 218
220 220
225 226
230 230
233 233
238 238
243 244
247 247
250 250
253 253
257 257
259 259
266 268
272 273
280 280
283 284
287 288
295 296
302 304
309 309
312 312
315 315
319 321
328 329
332 333
340 340
346 351
354 359
363 367
370 371
373 375
377 377
382 384
388 388
392 393
395 396
398 399
404 405
410 410
413 414
420 423
427 427
432 434
438 438
443 445
448 448
451 451
454 455
462 463
465 468
470 472
476 478
482 483
485 485
490 491
494 497
501 501
505 505
509 509
514 515
517 518
523 523
527 527
531 535
540 540
544 548
554 554
558 560
562 564
567 568
573 575
578 581
584 585
591 591
594 595
598 598
607 607
609 609
611 612
614 615
619 623
626 627
633 633
640 640
644 645
649 651
657 657
660 661
668 671
675 675
679 679
683 684
686 686
689 689
691 691
697 697
700 700
703 706
709 710
712 713
715 715
717 717
721 721
723 723
726 726
729 729
733 733
735 735
739 739
746 746
752 752
756 757
760 760
762 763
768 768
777 777
779 779
785 787
791 791
798 803
805 807
810 810
812 816
820 823
829 829
832 832
836 836
838 839
844 846
849 849
854 854
856 856
858 859
865 866
872 874
879 880
882 884
891 892
897 898
905 905
908 911
916 916
919 920
923 923
929 929
931 931
935 935
939 939
942 942
945 947
949 949
953 953
957 957
962 962
966 967
969 969
971 972
978 978
980 980
982 983
987 990
993 994
996 999
1002 1004
1007 1008
1011 1012
1016 1017
1019 1019
1025 1026
1029 1029
1031 1031
1033 1034
1037 1038
1041 1044
1050 1050
1056 1058
1065 1065
1067 1067
1070 1070
1075 1075
1083 1085
1088 1089
1093 1093
1096 1096
1100 1101
1105 1106
1109 1110
1113 1116
1122 1122
1124 1124
1126 1126
1128 1128
1131 1131
1138 1138
1142 1143
1145 1145
1151 1151
1155 1155
1161 1161
1167 1168
1170 1170
1175 1181
1184 1186
1189 1192
1195 1195
1197 1198
1201 1201
1209 1209
1212 1212
1219 1223
1227 1229
1231 1232
1236 1236
1239 1239
1242 1245
1250 1254
1256 1256
1265 1267
1272 1274
1282 1282
1288 1291
1295 1295
1297 1299
1303 1305
1309 1312
1320 1320
1323 1323
1327 1327
1331 1332
1347 1348
1353 1356
1358 1358
1365 1372
1378 1382
1400 1401
1406 1407
1414 1414
1423 1424
1434 1436
1447 1449
1456 1458
1460 1460
1465 1465
1470 1474
1476 1476
1479 1482
1484 1484
1490 1491
1493 1493
1497 1497
1503 1503
1507 1507
1509 1511
1514 1515
1517 1517
1520 1520
1524 1525
1529 1533
1538 1540
1545 1546
1549 1549
1552 1552
1556 1556
1558 1558
1561 1563
1565 1565
1569 1570
1575 1575
1579 1580
1583 1584
1588 1588
1595 1595
1599 1600
1603 1603
1607 1607
1614 1614
1617 1618
1620 1620
1626 1626
1630 1631
1633 1633
1635 1635
1638 1639
1642 1643
1645 1645
1647 1647
1651 1651
1655 1656
1660 1661
1664 1665
1668 1668
1676 1677
1680 1681
1686 1688
1691 1692
1695 1701
1704 1706
1708 1709
1711 1713
1717 1720
1723 1723
1725 1726
1740 1740
1747 1749
1751 1751
1754 1756
1758 1758
1760 1760
1764 1766
1768 1769
1778 1780
1789 1789
1792 1792
1797 1797
1799 1800
1805 1805
1811 1812
1815 1816
1822 1825
1828 1829
1831 1833
1839 1845
1850 1853
1861 1862
1864 1864
1866 1867
1869 1872
1874 1876
1878 1879
1883 1883
1885 1885
1892 1895
1906 1907
1909 1910
1915 1917
1921 1924
1927 1927
1931 1934
1940 1940
1946 1948
1950 1952
1954 1957
1959 1960
1967 1968
1971 1971
1974 1975
1979 1980
1984 1985
1987 1989
1992 1996
1998 1999
2003 2003
2010 2013
2016 2016
2025 2026
2028 2028
2030 2032
2034 2034
2043 2045
2048 2051
2054 2054
2056 2058
2060 2060
2063 2063
2065 2065
2067 2067
2073 2073
2077 2078
2081 2081
2085 2086
2088 2090
2097 2098
2102 2104
2106 2107
2118 2118
2120 2121
2124 2124
2127 2127
2131 2131
2135 2135
2137 2137
2144 2144
2146 2147
2151 2151
2154 2155
2157 2158
2161 2161
2166 2166
2168 2168
2172 2172
2174 2174
2176 2176
2178 2178
2182 2183
2186 2187
2192 2193
2199 2199
2206 2208
2212 2212
2217 2217
2219 2221
2224 2225
2228 2228
2231 2231
2235 2236
2241 2243
2249 2250
2255 2255
2261 2262
2264 2265
2268 2273
2275 2278
2281 2282
2285 2292
2297 2297
2300 2300
2305 2305
2307 2309
2312 2313
2319 2319
2323 2324
2332 2336
2340 2341
2345 2347
2351 2353
2359 2359
2363 2363
2367 2367
2371 2373
2377 2381
2385 2385
2389 2390
2395 2396
2399 2400
2405 2406
2408 2408
2411 2411
2413 2415
2420 2421
2429 2429
2431 2431
2433 2433
2436 2437
2442 2443
2448 2448
2452 2454
2458 2460
2465 2466
2469 2469
2473 2474
2481 2481
2483 2485
2490 2490
2493 2493
2496 2496
2499 2500
2502 2503
2506 2510
2512 2513
2518 2519
2522 2523
2526 2528
2531 2531
2537 2538
2545 2545
2557 2557
2567 2572
2576 2580
2585 2585
2589 2589
2593 2598
2603 2604
2606 2607
2611 2611
2613 2613
2617 2619
2624 2627
2631 2633
2639 2642
2645 2647
2655 2656
2658 2658
2661 2661
2669 2669
2676 2681
2686 2686
2688 2688
2691 2691
2700 2701
2705 2706
2708 2711
2714 2715
2718 2719
2722 2722
2726 2729
2734 2736
2740 2740
2746 2746
2749 2750
2755 2756
2758 2758
2763 2763
2765 2765
2769 2769
2772 2772
2774 2775
2777 2777
2781 2782
2784 2786
2790 2793
2795 2795
2797 2798
2801 2801
2803 2803
2808 2808
2811 2812
2814 2815
2819 2819
2822 2824
2827 2828
2830 2830
2837 2837
2841 2844
2847 2848
2851 2854
2858 2858
2860 2862
2865 2865
2874 2875
2880 2880
2883 2883
2886 2887
2891 2891
2894 2894
2897 2898
2901 2901
2906 2906
2908 2908
2910 2911
2916 2917
2920 2921
2925 2926
2930 2931
2934 2934
2938 2939
2941 2941
2945 2945
2951 2951
2957 2957
2960 2962
2969 2969
2973 2974
2981 2981
2983 2984
2988 2988
2991 2993
2995 2996
2998 2999


COL: userAcceleration.z
ABSOLUTE VALUE MAX/MIN
Max: 0.242242 line: 808
Min: 3.28211e-05 line: 1837

NON ABSOLUTE VALUE MAX/MIN
Max: 0.109889 line: 2556
Min: -0.242242 line: 808

ABSOLUTE VALUE ONE STEP CHANGE
Max change: 0.0779696 line: 793
Min change: 1.76e-06 line: 2999
Average change: 0.00507335


INCREASING / DECREASING
Increasing: 
4 7
9 10
14 14
16 17
19 23
25 25
27 30
32 35
39 41
44 46
48 51
61 61
63 67
71 71
73 75
80 81
83 83
87 87
89 89
92 93
99 100
105 110
114 119
121 123
129 131
138 140
144 146
149 150
153 154
158 160
164 169
174 175
177 179
183 184
187 191
195 195
197 201
205 209
212 212
218 218
222 225
227 227
231 233
237 239
243 249
258 267
272 277
287 288
293 294
296 296
300 300
303 304
306 308
316 320
322 323
328 330
334 334
338 340
344 346
353 355
358 360
363 363
366 367
370 376
382 385
387 391
394 395
402 409
415 417
425 428
433 438
441 446
449 451
456 462
464 465
470 470
475 476
482 485
490 490
494 494
499 499
503 504
507 507
509 515
517 521
526 534
538 538
540 546
554 554
557 559
563 563
570 572
577 584
586 586
588 588
597 598
608 610
623 623
626 638
640 640
649 653
655 657
660 660
662 664
668 669
674 685
691 691
698 701
703 703
705 709
712 713
716 720
723 723
729 733
737 738
740 741
746 748
752 755
761 761
763 764
766 769
772 777
781 793
800 806
808 808
822 824
827 828
831 832
835 839
841 843
849 849
851 853
856 859
868 868
870 873
877 878
880 885
889 894
896 896
898 900
905 905
908 913
916 917
919 919
926 931
933 936
943 950
952 953
955 960
964 965
968 970
973 974
977 978
981 981
984 984
986 993
1002 1002
1010 1011
1013 1018
1020 1020
1024 1025
1027 1030
1033 1037
1039 1042
1044 1045
1050 1050
1056 1065
1068 1069
1083 1083
1090 1097
1102 1103
1107 1111
1114 1121
1124 1127
1129 1132
1140 1141
1144 1144
1149 1151
1153 1155
1157 1163
1169 1170
1173 1174
1176 1176
1178 1180
1182 1186
1193 1193
1195 1200
1202 1202
1206 1207
1210 1212
1219 1226
1230 1230
1237 1241
1249 1249
1251 1251
1255 1255
1260 1260
1262 1263
1265 1267
1272 1275
1278 1281
1287 1290
1294 1295
1297 1301
1306 1306
1308 1312
1318 1321
1327 1331
1337 1337
1341 1343
1345 1347
1355 1359
1364 1365
1369 1371
1374 1379
1382 1382
1387 1390
1395 1395
1397 1400
1404 1407
1410 1415
1422 1425
1428 1432
1435 1439
1447 1451
1453 1456
1460 1462
1469 1471
1475 1478
1481 1482
1486 1493
1503 1508
1512 1512
1514 1517
1525 1527
1535 1535
1541 1544
1546 1548
1551 1553
1556 1557
1563 1563
1566 1568
1570 1570
1572 1573
1575 1577
1579 1580
1582 1583
1585 1585
1588 1590
1596 1596
1598 1603
1605 1606
1623 1633
1637 1645
1647 1647
1660 1663
1667 1667
1670 1674
1679 1683
1685 1685
1688 1688
1694 1696
1702 1702
1710 1714
1716 1716
1720 1725
1733 1739
1742 1742
1747 1749
1751 1752
1754 1756
1758 1764
1766 1766
1773 1775
1779 1781
1783 1784
1787 1791
1797 1798
1801 1805
1809 1811
1816 1822
1829 1829
1833 1834
1837 1841
1843 1844
1847 1847
1850 1863
1867 1868
1874 1875
1877 1878
1880 1880
1883 1885
1890 1890
1893 1895
1898 1898
1904 1908
1912 1914
1916 1918
1920 1926
1931 1941
1944 1944
1950 1950
1955 1957
1961 1965
1968 1970
1972 1973
1976 1976
1980 1982
1985 1985
1989 1993
1997 1997
1999 2001
2003 2003
2006 2008
2014 2014
2016 2018
2022 2027
2030 2030
2033 2033
2037 2047
2050 2051
2053 2054
2056 2056
2059 2061
2066 2066
2069 2072
2074 2081
2086 2087
2091 2094
2097 2101
2104 2104
2110 2110
2112 2117
2119 2121
2129 2129
2132 2135
2143 2145
2148 2148
2152 2152
2156 2156
2166 2167
2171 2174
2177 2178
2180 2183
2186 2191
2194 2194
2197 2200
2203 2204
2209 2210
2212 2215
2218 2218
2220 2227
2235 2235
2238 2239
2241 2241
2248 2260
2262 2266
2272 2277
2288 2288
2291 2291
2293 2293
2295 2297
2300 2300
2304 2304
2308 2310
2316 2318
2320 2322
2325 2325
2328 2332
2337 2344
2348 2352
2356 2361
2363 2363
2368 2373
2378 2378
2380 2383
2387 2387
2393 2393
2397 2397
2399 2405
2409 2409
2414 2415
2417 2424
2429 2431
2436 2436
2438 2438
2442 2447
2449 2454
2456 2459
2464 2464
2466 2466
2468 2470
2474 2474
2479 2482
2487 2489
2493 2493
2495 2495
2498 2499
2505 2507
2509 2513
2519 2520
2522 2525
2534 2535
2537 2543
2545 2546
2548 2556
2563 2563
2573 2577
2581 2581
2589 2589
2596 2598
2600 2600
2605 2607
2609 2610
2612 2613
2617 2631
2638 2643
2646 2651
2657 2657
2659 2659
2661 2664
2668 2669
2674 2681
2684 2687
2690 2690
2692 2693
2695 2698
2701 2702
2706 2707
2713 2716
2718 2718
2720 2721
2725 2727
2733 2736
2739 2740
2743 2743
2745 2746
2749 2750
2752 2755
2759 2761
2763 2763
2766 2770
2776 2779
2784 2785
2787 2787
2789 2794
2797 2799
2805 2805
2808 2812
2815 2819
2822 2823
2825 2833
2836 2836
2838 2839
2841 2842
2844 2844
2850 2852
2855 2856
2862 2863
2865 2867
2869 2872
2874 2874
2877 2880
2883 2883
2887 2889
2891 2892
2901 2901
2908 2908
2910 2913
2916 2917
2920 2921
2924 2924
2930 2931
2933 2936
2938 2939
2941 2941
2943 2944
2946 2948
2951 2952
2956 2957
2959 2963
2965 2968
2982 2984
2992 2994
2996 2996
Decreasing: 
1 3
8 8
11 13
15 15
18 18
24 24
26 26
31 31
36 38
42 43
47 47
52 60
62 62
68 70
72 72
76 79
82 82
84 86
88 88
90 91
94 98
101 104
111 113
120 120
124 128
132 137
141 143
147 148
151 152
155 157
161 163
170 173
176 176
180 182
185 186
192 194
196 196
202 204
210 211
213 217
219 221
226 226
228 230
234 236
240 242
250 257
268 271
278 286
289 292
295 295
297 299
301 302
305 305
309 315
321 321
324 327
331 333
335 337
341 343
347 352
356 357
361 362
364 365
368 369
377 381
386 386
392 393
396 401
410 414
418 424
429 432
439 440
447 448
452 455
463 463
466 469
471 474
477 481
486 489
491 493
495 498
500 502
505 506
508 508
516 516
522 525
535 537
539 539
547 553
555 556
560 562
564 569
573 576
585 585
587 587
589 596
599 607
611 622
624 625
639 639
641 648
654 654
658 659
661 661
665 667
670 673
686 690
692 697
702 702
704 704
710 711
714 715
721 722
724 728
734 736
739 739
742 745
749 751
756 760
762 762
765 765
770 771
778 780
794 799
807 807
809 821
825 826
829 830
833 834
840 840
844 848
850 850
854 855
860 867
869 869
874 876
879 879
886 888
895 895
897 897
901 904
906 907
914 915
918 918
920 925
932 932
937 942
951 951
954 954
961 963
966 967
971 972
975 976
979 980
982 983
985 985
994 1001
1003 1009
1012 1012
1019 1019
1021 1023
1026 1026
1031 1032
1038 1038
1043 1043
1046 1049
1051 1055
1066 1067
1070 1082
1084 1089
1098 1101
1104 1106
1112 1113
1122 1123
1128 1128
1133 1139
1142 1143
1145 1148
1152 1152
1156 1156
1164 1168
1171 1172
1175 1175
1177 1177
1181 1181
1187 1192
1194 1194
1201 1201
1203 1205
1208 1209
1213 1218
1227 1229
1231 1236
1242 1248
1250 1250
1252 1254
1256 1259
1261 1261
1264 1264
1268 1271
1276 1277
1282 1286
1291 1293
1296 1296
1302 1305
1307 1307
1313 1317
1322 1326
1332 1336
1338 1340
1344 1344
1348 1354
1360 1363
1366 1368
1372 1373
1380 1381
1383 1386
1391 1394
1396 1396
1401 1403
1408 1409
1416 1421
1426 1427
1433 1434
1440 1446
1452 1452
1457 1459
1463 1468
1472 1474
1479 1480
1483 1485
1494 1502
1509 1511
1513 1513
1518 1524
1528 1534
1536 1540
1545 1545
1549 1550
1554 1555
1558 1562
1564 1565
1569 1569
1571 1571
1574 1574
1578 1578
1581 1581
1584 1584
1586 1587
1591 1595
1597 1597
1604 1604
1607 1622
1634 1636
1646 1646
1648 1659
1664 1666
1668 1669
1675 1678
1684 1684
1686 1687
1689 1693
1697 1701
1703 1709
1715 1715
1717 1719
1726 1732
1740 1741
1743 1746
1750 1750
1753 1753
1757 1757
1765 1765
1767 1772
1776 1778
1782 1782
1785 1786
1792 1796
1799 1800
1806 1808
1812 1815
1823 1828
1830 1832
1835 1836
1842 1842
1845 1846
1848 1849
1864 1866
1869 1873
1876 1876
1879 1879
1881 1882
1886 1889
1891 1892
1896 1897
1899 1903
1909 1911
1915 1915
1919 1919
1927 1930
1942 1943
1945 1949
1951 1954
1958 1960
1966 1967
1971 1971
1974 1975
1977 1979
1983 1984
1986 1988
1994 1996
1998 1998
2002 2002
2004 2005
2009 2013
2015 2015
2019 2021
2028 2029
2031 2032
2034 2036
2048 2049
2052 2052
2055 2055
2057 2058
2062 2065
2067 2068
2073 2073
2082 2085
2088 2090
2095 2096
2102 2103
2105 2109
2111 2111
2118 2118
2122 2128
2130 2131
2136 2142
2146 2147
2149 2151
2153 2155
2157 2165
2168 2170
2175 2176
2179 2179
2184 2185
2192 2193
2195 2196
2201 2202
2205 2208
2211 2211
2216 2217
2219 2219
2228 2234
2236 2237
2240 2240
2242 2247
2261 2261
2267 2271
2278 2287
2289 2290
2292 2292
2294 2294
2298 2299
2301 2303
2305 2307
2311 2315
2319 2319
2323 2324
2326 2327
2333 2336
2345 2347
2353 2355
2362 2362
2364 2367
2374 2377
2379 2379
2384 2386
2388 2392
2394 2396
2398 2398
2406 2408
2410 2413
2416 2416
2425 2428
2432 2435
2437 2437
2439 2441
2448 2448
2455 2455
2460 2463
2465 2465
2467 2467
2471 2473
2475 2478
2483 2486
2490 2492
2494 2494
2496 2497
2500 2504
2508 2508
2514 2518
2521 2521
2526 2533
2536 2536
2544 2544
2547 2547
2557 2562
2564 2572
2578 2580
2582 2588
2590 2595
2599 2599
2601 2604
2608 2608
2611 2611
2614 2616
2632 2637
2644 2645
2652 2656
2658 2658
2660 2660
2665 2667
2670 2673
2682 2683
2688 2689
2691 2691
2694 2694
2699 2700
2703 2705
2708 2712
2717 2717
2719 2719
2722 2724
2728 2732
2737 2738
2741 2742
2744 2744
2747 2748
2751 2751
2756 2758
2762 2762
2764 2765
2771 2775
2780 2783
2786 2786
2788 2788
2795 2796
2800 2804
2806 2807
2813 2814
2820 2821
2824 2824
2834 2835
2837 2837
2840 2840
2843 2843
2845 2849
2853 2854
2857 2861
2864 2864
2868 2868
2873 2873
2875 2876
2881 2882
2884 2886
2890 2890
2893 2900
2902 2907
2909 2909
2914 2915
2918 2919
2922 2923
2925 2929
2932 2932
2937 2937
2940 2940
2942 2942
2945 2945
2949 2950
2953 2955
2958 2958
2964 2964
2969 2981
2985 2991
2995 2995
2997 2997


COL: gameObject.transform.position.x
ABSOLUTE VALUE MAX/MIN
Max: 1.51639 line: 962
Min: 0.248166 line: 2776

NON ABSOLUTE VALUE MAX/MIN
Max: 1.51639 line: 1064
Min: 0.248166 line: 3001

ABSOLUTE VALUE ONE STEP CHANGE
Max change: 0.0234518 line: 1766
Min change: 1e-07 line: 3001
Average change: 0.00115935


INCREASING / DECREASING
Increasing: 
200 485
805 1064
1082 1207
1487 1612
1896 2191
2266 2501
Decreasing: 
1 199
486 804
1065 1081
1208 1486
1613 1895
2192 2265


COL: gameObject.transform.position.y
ABSOLUTE VALUE MAX/MIN
Max: 1.5 line: 1
Min: 1.5 line: 1

NON ABSOLUTE VALUE MAX/MIN
Max: 1.5 line: 3001
Min: 1.5 line: 3001

ABSOLUTE VALUE ONE STEP CHANGE
Max change: 0 line: 21120816
Min change: 1e+06 line: 3001
Average change: 0


INCREASING / DECREASING
Increasing: 
Decreasing: 


COL: gameObject.transform.position.z
ABSOLUTE VALUE MAX/MIN
Max: 1.61798 line: 961
Min: 1e+06 line: 0

NON ABSOLUTE VALUE MAX/MIN
Max: 0 line: 961
Min: -1.61798 line: 1064

ABSOLUTE VALUE ONE STEP CHANGE
Max change: 0.011359 line: 1231
Min change: 1e-07 line: 3001
Average change: 0.000919628


INCREASING / DECREASING
Increasing: 
1 2
85 1064
1455 1544
1594 1672
1859 1957
2006 2339
2458 2559
Decreasing: 
3 84
1065 1454
1545 1593
1673 1858
1958 2005
2340 2457
2560 2748


COL: eulerAngles.x
ABSOLUTE VALUE MAX/MIN
Max: 63.0122 line: 2614
Min: 0.00658037 line: 554

NON ABSOLUTE VALUE MAX/MIN
Max: 63.0122 line: 2614
Min: -58.3115 line: 1894

ABSOLUTE VALUE ONE STEP CHANGE
Max change: 4.484 line: 1740
Min change: 9.96e-05 line: 2287
Average change: 0.281482


INCREASING / DECREASING
Increasing: 
8 9
14 19
31 31
40 42
44 45
48 49
61 115
118 131
139 140
145 145
147 147
149 150
152 154
205 206
218 234
239 248
253 257
274 283
291 306
313 345
352 407
429 429
431 454
469 469
488 488
542 543
554 556
558 558
560 561
566 567
570 576
578 581
585 585
587 587
592 593
595 595
600 602
604 607
611 615
630 630
636 641
647 654
663 668
672 672
686 687
692 730
732 756
758 758
760 765
815 815
831 831
835 836
839 839
861 879
890 892
894 894
903 905
909 982
985 988
990 997
1001 1016
1018 1018
1021 1030
1086 1110
1113 1116
1119 1126
1128 1130
1141 1141
1150 1150
1153 1154
1159 1164
1173 1243
1245 1256
1287 1287
1367 1427
1431 1438
1441 1451
1472 1473
1505 1520
1526 1534
1548 1548
1553 1553
1557 1557
1567 1570
1577 1591
1623 1625
1627 1630
1633 1710
1712 1712
1773 1774
1778 1889
1892 1894
1900 1900
1904 1906
1912 1919
1925 1926
1987 2001
2003 2005
2009 2009
2011 2011
2015 2016
2018 2018
2020 2020
2026 2026
2029 2031
2037 2037
2039 2045
2054 2054
2056 2056
2058 2058
2087 2098
2108 2108
2123 2128
2133 2134
2143 2147
2150 2152
2154 2158
2160 2162
2167 2254
2256 2258
2266 2267
2284 2290
2293 2294
2298 2299
2302 2303
2306 2309
2313 2313
2322 2322
2365 2367
2376 2381
2394 2394
2426 2428
2439 2440
2442 2442
2444 2449
2455 2455
2457 2459
2484 2484
2538 2538
2542 2605
2608 2614
2708 2754
2756 2779
2781 2797
2811 2811
2813 2815
2884 2893
2901 2902
2906 2907
2910 2912
2917 2923
2927 2927
2933 2948
2950 2957
2961 2961
2981 2994
2996 2997
Decreasing: 
1 7
10 13
20 30
32 39
43 43
46 47
50 60
116 117
132 138
141 144
146 146
148 148
151 151
155 204
207 217
235 238
249 252
258 273
284 290
307 312
346 351
408 428
430 430
455 468
470 487
489 541
544 553
557 557
559 559
562 565
568 569
577 577
582 584
586 586
588 591
594 594
596 599
603 603
608 610
616 629
631 635
642 646
655 662
669 671
673 685
688 691
731 731
757 757
759 759
766 814
816 830
832 834
837 838
840 860
880 889
893 893
895 902
906 908
983 984
989 989
998 1000
1017 1017
1019 1020
1031 1085
1111 1112
1117 1118
1127 1127
1131 1140
1142 1149
1151 1152
1155 1158
1165 1172
1244 1244
1257 1286
1288 1366
1428 1430
1439 1440
1452 1471
1474 1504
1521 1525
1535 1547
1549 1552
1554 1556
1558 1566
1571 1576
1592 1622
1626 1626
1631 1632
1711 1711
1713 1772
1775 1777
1890 1891
1895 1899
1901 1903
1907 1911
1920 1924
1927 1986
2002 2002
2006 2008
2010 2010
2012 2014
2017 2017
2019 2019
2021 2025
2027 2028
2032 2036
2038 2038
2046 2053
2055 2055
2057 2057
2059 2086
2099 2107
2109 2122
2129 2132
2135 2142
2148 2149
2153 2153
2159 2159
2163 2166
2255 2255
2259 2265
2268 2283
2291 2292
2295 2297
2300 2301
2304 2305
2310 2312
2314 2321
2323 2364
2368 2375
2382 2393
2395 2425
2429 2438
2441 2441
2443 2443
2450 2454
2456 2456
2460 2483
2485 2537
2539 2541
2606 2607
2615 2707
2755 2755
2780 2780
2798 2810
2812 2812
2816 2883
2894 2900
2903 2905
2908 2909
2913 2916
2924 2926
2928 2932
2949 2949
2958 2960
2962 2980
2995 2995
2998 2998


COL: eulerAngles.y
ABSOLUTE VALUE MAX/MIN
Max: 179.989 line: 1173
Min: 0.0183925 line: 2991

NON ABSOLUTE VALUE MAX/MIN
Max: 179.989 line: 1173
Min: -179.641 line: 1172

ABSOLUTE VALUE ONE STEP CHANGE
Max change: 7.6574 line: 1601
Min change: 0.0002 line: 2287
Average change: 0.816807


INCREASING / DECREASING
Increasing: 
110 110
199 211
245 322
324 337
347 355
483 497
510 511
514 523
527 531
533 533
540 545
547 547
551 634
648 648
659 659
661 697
715 732
762 770
804 855
887 913
916 918
920 924
927 927
929 933
996 1081
1096 1097
1107 1133
1149 1173
1200 1210
1215 1217
1259 1266
1268 1290
1293 1301
1307 1309
1313 1335
1343 1343
1486 1560
1562 1564
1612 1715
1725 1731
1744 1745
1770 1771
1775 1776
1785 1790
1797 1801
1895 1982
2063 2067
2074 2081
2156 2210
2218 2228
2265 2370
2501 2639
2809 2883
2885 2889
Decreasing: 
1 109
111 198
212 244
323 323
338 346
356 482
498 509
512 513
524 526
532 532
534 539
546 546
548 550
635 647
649 658
660 660
698 714
733 761
771 803
856 886
914 915
919 919
925 926
928 928
934 995
1082 1095
1098 1106
1134 1148
1174 1199
1211 1214
1218 1258
1267 1267
1291 1292
1302 1306
1310 1312
1336 1342
1344 1485
1561 1561
1565 1611
1716 1724
1732 1743
1746 1769
1772 1774
1777 1784
1791 1796
1802 1894
1983 2062
2068 2073
2082 2155
2211 2217
2229 2264
2371 2500
2640 2808
2884 2884
2890 2990


COL: eulerAngles.z
ABSOLUTE VALUE MAX/MIN
Max: 17.7997 line: 2628
Min: 0.00511069 line: 2995

NON ABSOLUTE VALUE MAX/MIN
Max: 17.7997 line: 2628
Min: -15.3528 line: 1861

ABSOLUTE VALUE ONE STEP CHANGE
Max change: 2.2083 line: 1740
Min change: 3.62e-05 line: 2287
Average change: 0.125287


INCREASING / DECREASING
Increasing: 
1 2
6 6
36 42
57 62
82 82
84 84
91 92
95 119
121 133
138 138
140 146
157 157
187 191
203 203
205 206
208 209
211 223
226 229
232 246
248 248
272 291
298 299
302 302
308 309
326 347
350 350
356 361
364 377
381 389
396 413
459 464
466 467
478 479
481 481
483 487
490 492
498 505
515 515
518 520
524 527
530 551
561 582
591 602
610 615
627 631
633 636
641 647
659 664
674 674
684 695
699 701
706 710
712 715
718 721
729 743
749 774
779 783
790 790
804 809
812 813
817 826
830 838
840 843
845 845
850 857
859 860
864 864
876 899
904 917
922 927
932 936
939 941
945 945
949 952
956 971
1005 1012
1024 1064
1067 1067
1074 1074
1076 1076
1082 1087
1089 1091
1094 1099
1101 1102
1104 1110
1114 1124
1127 1133
1139 1145
1152 1153
1156 1156
1163 1168
1181 1181
1229 1229
1232 1232
1236 1237
1239 1240
1243 1244
1252 1284
1292 1295
1300 1306
1309 1314
1319 1326
1328 1330
1334 1346
1348 1363
1365 1367
1371 1373
1376 1377
1386 1390
1392 1400
1408 1409
1421 1421
1431 1435
1437 1437
1449 1450
1470 1471
1482 1489
1502 1507
1520 1538
1540 1546
1549 1551
1554 1556
1562 1567
1571 1577
1601 1615
1618 1619
1625 1639
1642 1650
1652 1652
1675 1676
1681 1682
1686 1687
1689 1704
1708 1708
1711 1713
1729 1729
1737 1750
1754 1755
1761 1761
1765 1768
1774 1783
1787 1787
1801 1801
1803 1803
1805 1806
1809 1851
1856 1861
1894 1899
1909 1914
1937 1955
1969 1989
2005 2005
2026 2027
2030 2031
2033 2038
2041 2042
2053 2059
2063 2069
2071 2071
2073 2088
2110 2110
2116 2116
2118 2128
2134 2135
2137 2141
2150 2150
2160 2161
2163 2163
2165 2177
2179 2182
2186 2186
2192 2197
2199 2199
2201 2201
2203 2203
2212 2222
2230 2248
2263 2282
2286 2287
2289 2289
2302 2302
2311 2311
2322 2322
2331 2334
2355 2369
2386 2390
2393 2398
2401 2408
2410 2410
2412 2415
2427 2428
2430 2430
2443 2443
2448 2453
2456 2471
2475 2478
2486 2492
2495 2501
2516 2517
2544 2551
2556 2556
2558 2594
2598 2599
2601 2601
2609 2611
2617 2628
2678 2686
2689 2696
2700 2701
2707 2711
2715 2717
2720 2724
2729 2730
2734 2734
2737 2740
2747 2750
2753 2754
2759 2761
2768 2772
2786 2789
2795 2795
2800 2816
2826 2848
2861 2864
2867 2878
2880 2882
2884 2886
2912 2917
2921 2923
2944 2946
2950 2953
2961 2967
2969 2973
2980 2981
2984 2984
2987 2989
2996 2997
2999 2999
Decreasing: 
3 5
7 35
43 56
63 81
83 83
85 90
93 94
120 120
134 137
139 139
147 156
158 186
192 202
204 204
207 207
210 210
224 225
230 231
247 247
249 271
292 297
300 301
303 307
310 325
348 349
351 355
362 363
378 380
390 395
414 458
465 465
468 477
480 480
482 482
488 489
493 497
506 514
516 517
521 523
528 529
552 560
583 590
603 609
616 626
632 632
637 640
648 658
665 673
675 683
696 698
702 705
711 711
716 717
722 728
744 748
775 778
784 789
791 803
810 811
814 816
827 829
839 839
844 844
846 849
858 858
861 863
865 875
900 903
918 921
928 931
937 938
942 944
946 948
953 955
972 1004
1013 1023
1065 1066
1068 1073
1075 1075
1077 1081
1088 1088
1092 1093
1100 1100
1103 1103
1111 1113
1125 1126
1134 1138
1146 1151
1154 1155
1157 1162
1169 1180
1182 1228
1230 1231
1233 1235
1238 1238
1241 1242
1245 1251
1285 1291
1296 1299
1307 1308
1315 1318
1327 1327
1331 1333
1347 1347
1364 1364
1368 1370
1374 1375
1378 1385
1391 1391
1401 1407
1410 1420
1422 1430
1436 1436
1438 1448
1451 1469
1472 1481
1490 1501
1508 1519
1539 1539
1547 1548
1552 1553
1557 1561
1568 1570
1578 1600
1616 1617
1620 1624
1640 1641
1651 1651
1653 1674
1677 1680
1683 1685
1688 1688
1705 1707
1709 1710
1714 1728
1730 1736
1751 1753
1756 1760
1762 1764
1769 1773
1784 1786
1788 1800
1802 1802
1804 1804
1807 1808
1852 1855
1862 1893
1900 1908
1915 1936
1956 1968
1990 2004
2006 2025
2028 2029
2032 2032
2039 2040
2043 2052
2060 2062
2070 2070
2072 2072
2089 2109
2111 2115
2117 2117
2129 2133
2136 2136
2142 2149
2151 2159
2162 2162
2164 2164
2178 2178
2183 2185
2187 2191
2198 2198
2200 2200
2202 2202
2204 2211
2223 2229
2249 2262
2283 2285
2288 2288
2290 2301
2303 2310
2312 2321
2323 2330
2335 2354
2370 2385
2391 2392
2399 2400
2409 2409
2411 2411
2416 2426
2429 2429
2431 2442
2444 2447
2454 2455
2472 2474
2479 2485
2493 2494
2502 2515
2518 2543
2552 2555
2557 2557
2595 2597
2600 2600
2602 2608
2612 2616
2629 2677
2687 2688
2697 2699
2702 2706
2712 2714
2718 2719
2725 2728
2731 2733
2735 2736
2741 2746
2751 2752
2755 2758
2762 2767
2773 2785
2790 2794
2796 2799
2817 2825
2849 2860
2865 2866
2879 2879
2883 2883
2887 2911
2918 2920
2924 2943
2947 2949
2954 2960
2968 2968
2974 2979
2982 2983
2985 2986
2990 2995
2998 2998


