COL: userAcceleration.x
ABSOLUTE VALUE MAX/MIN
Max: 0.0917094 line: 263
Min: 7.6692e-05 line: 20

NON ABSOLUTE VALUE MAX/MIN
Max: 0.0917094 line: 263
Min: -0.0796821 line: 229

ABSOLUTE VALUE ONE STEP CHANGE
Max change: 0.0581269 line: 293
Min change: 2.178e-06 line: 356
Average change: 0.00436731


INCREASING / DECREASING
Increasing: 
1 5
9 9
11 11
14 18
21 25
27 28
30 31
35 39
41 43
45 47
50 53
58 58
60 63
65 66
73 75
77 82
84 85
88 95
99 101
105 106
108 112
115 115
120 127
132 133
135 136
140 144
147 147
149 149
151 151
153 153
155 160
165 165
167 169
174 175
177 179
181 184
188 191
196 197
202 204
206 209
211 214
217 221
227 229
234 235
240 240
245 248
251 256
260 260
262 263
270 270
272 273
276 279
282 284
286 286
290 290
294 294
296 297
299 300
307 314
318 325
327 327
336 337
339 341
345 346
351 354
Decreasing: 
6 8
10 10
12 13
19 20
26 26
29 29
32 34
40 40
44 44
48 49
54 57
59 59
64 64
67 72
76 76
83 83
86 87
96 98
102 104
107 107
113 114
116 119
128 131
134 134
137 139
145 146
148 148
150 150
152 152
154 154
161 164
166 166
170 173
176 176
180 180
185 187
192 195
198 201
205 205
210 210
215 216
222 226
230 233
236 239
241 244
249 250
257 259
261 261
264 269
271 271
274 275
280 281
285 285
287 289
291 293
295 295
298 298
301 306
315 317
326 326
328 335
338 338
342 344
347 350


COL: userAcceleration.y
ABSOLUTE VALUE MAX/MIN
Max: 1.15251 line: 290
Min: 8.7523e-05 line: 169

NON ABSOLUTE VALUE MAX/MIN
Max: 0.642625 line: 292
Min: -1.15251 line: 290

ABSOLUTE VALUE ONE STEP CHANGE
Max change: 1.08512 line: 291
Min change: 4.9e-07 line: 356
Average change: 0.0281167


INCREASING / DECREASING
Increasing: 
1 6
9 11
14 14
16 20
22 24
27 27
29 31
33 35
37 39
41 41
44 45
47 64
68 75
78 78
80 81
83 85
88 88
90 91
93 93
95 97
99 99
102 104
107 107
110 112
114 114
117 118
120 122
125 126
128 132
137 141
144 147
149 149
151 151
153 153
155 156
159 162
164 168
170 170
174 180
182 187
189 189
192 193
196 196
198 200
203 203
205 209
211 212
215 220
223 226
228 232
238 243
249 251
253 254
257 258
260 263
268 268
270 270
273 277
280 290
292 292
295 295
299 307
309 309
311 313
315 316
318 320
322 324
328 333
335 337
340 341
343 347
Decreasing: 
7 8
12 13
15 15
21 21
25 26
28 28
32 32
36 36
40 40
42 43
46 46
65 67
76 77
79 79
82 82
86 87
89 89
92 92
94 94
98 98
100 101
105 106
108 109
113 113
115 116
119 119
123 124
127 127
133 136
142 143
148 148
150 150
152 152
154 154
157 158
163 163
169 169
171 173
181 181
188 188
190 191
194 195
197 197
201 202
204 204
210 210
213 214
221 222
227 227
233 237
244 248
252 252
255 256
259 259
264 267
269 269
271 272
278 279
291 291
293 294
296 298
308 308
310 310
314 314
317 317
321 321
325 327
334 334
338 339
342 342
348 350


COL: userAcceleration.z
ABSOLUTE VALUE MAX/MIN
Max: 0.248993 line: 289
Min: 2.14431e-05 line: 315

NON ABSOLUTE VALUE MAX/MIN
Max: 0.248993 line: 289
Min: -0.186449 line: 291

ABSOLUTE VALUE ONE STEP CHANGE
Max change: 0.135707 line: 290
Min change: 2.77e-07 line: 356
Average change: 0.00569388


INCREASING / DECREASING
Increasing: 
1 2
5 5
8 8
11 14
20 20
22 22
25 27
29 32
38 38
40 43
47 50
52 53
57 60
64 64
72 75
78 81
88 89
93 96
99 103
108 109
111 113
117 118
121 122
126 130
134 136
139 140
142 144
146 148
153 156
158 159
166 168
170 171
177 179
181 181
183 185
188 193
201 201
203 204
206 208
211 212
215 216
219 221
225 228
230 232
235 237
240 240
244 245
247 248
253 254
257 258
260 260
262 270
273 273
277 279
283 289
291 291
296 297
299 306
309 309
314 314
316 320
322 323
327 327
329 334
336 342
346 346
349 349
353 356
Decreasing: 
3 4
6 7
9 10
15 19
21 21
23 24
28 28
33 37
39 39
44 46
51 51
54 56
61 63
65 71
76 77
82 87
90 92
97 98
104 107
110 110
114 116
119 120
123 125
131 133
137 138
141 141
145 145
149 152
157 157
160 165
169 169
172 176
180 180
182 182
186 187
194 200
202 202
205 205
209 210
213 214
217 218
222 224
229 229
233 234
238 239
241 243
246 246
249 252
255 256
259 259
261 261
271 272
274 276
280 282
290 290
292 295
298 298
307 308
310 313
315 315
321 321
324 326
328 328
335 335
343 345
347 348
350 352


COL: gameObject.transform.position.x
ABSOLUTE VALUE MAX/MIN
Max: 1.5 line: 1
Min: 1.41634 line: 350

NON ABSOLUTE VALUE MAX/MIN
Max: 1.5 line: 119
Min: 1.41634 line: 357

ABSOLUTE VALUE ONE STEP CHANGE
Max change: 0.001766 line: 305
Min change: 1e-06 line: 357
Average change: 0.000235


INCREASING / DECREASING
Increasing: 
1 119
Decreasing: 


COL: gameObject.transform.position.y
ABSOLUTE VALUE MAX/MIN
Max: 1.5 line: 1
Min: 1.5 line: 1

NON ABSOLUTE VALUE MAX/MIN
Max: 1.5 line: 357
Min: 1.5 line: 357

ABSOLUTE VALUE ONE STEP CHANGE
Max change: 0 line: 21121936
Min change: 1e+06 line: 357
Average change: 0


INCREASING / DECREASING
Increasing: 
Decreasing: 


COL: gameObject.transform.position.z
ABSOLUTE VALUE MAX/MIN
Max: 2.08982 line: 355
Min: 1e+06 line: 0

NON ABSOLUTE VALUE MAX/MIN
Max: 0 line: 355
Min: -2.08982 line: 357

ABSOLUTE VALUE ONE STEP CHANGE
Max change: 0.021193 line: 310
Min change: 1e-06 line: 357
Average change: 0.00306128


INCREASING / DECREASING
Increasing: 
Decreasing: 


COL: eulerAngles.x
ABSOLUTE VALUE MAX/MIN
Max: 9.507 line: 260
Min: 1e+06 line: 0

NON ABSOLUTE VALUE MAX/MIN
Max: 0 line: 260
Min: -9.507 line: 260

ABSOLUTE VALUE ONE STEP CHANGE
Max change: 2.9518 line: 258
Min change: 0.0003 line: 35
Average change: 0.143448


INCREASING / DECREASING
Increasing: 
1 2
16 17
23 23
25 25
36 37
41 42
58 58
64 70
74 83
87 90
96 104
108 109
114 117
125 126
130 130
132 142
144 145
159 166
170 185
193 193
201 201
212 213
215 220
226 233
238 242
244 244
249 254
258 260
264 268
272 274
276 277
282 287
290 291
295 299
304 308
311 325
327 327
331 335
343 347
Decreasing: 
3 15
18 22
24 24
26 35
38 40
43 57
59 63
71 73
84 86
91 95
105 107
110 113
118 124
127 129
131 131
143 143
146 158
167 169
186 192
194 200
202 211
214 214
221 225
234 237
243 243
245 248
255 257
261 263
269 271
275 275
278 281
288 289
292 294
300 303
309 310
326 326
328 330
336 342


COL: eulerAngles.y
ABSOLUTE VALUE MAX/MIN
Max: 11.1852 line: 31
Min: 1.93324 line: 280

NON ABSOLUTE VALUE MAX/MIN
Max: 11.1852 line: 31
Min: 1.93324 line: 280

ABSOLUTE VALUE ONE STEP CHANGE
Max change: 1.06928 line: 258
Min change: 0.00033 line: 20
Average change: 0.0692035


INCREASING / DECREASING
Increasing: 
10 20
23 31
48 52
66 78
96 99
120 122
153 167
182 190
198 206
216 232
236 242
261 261
272 273
275 275
281 290
294 294
299 304
314 316
335 340
346 354
Decreasing: 
1 9
21 22
32 47
53 65
79 95
100 119
123 152
168 181
191 197
207 215
233 235
243 260
262 271
274 274
276 280
291 293
295 298
305 313
317 334
341 345


COL: eulerAngles.z
ABSOLUTE VALUE MAX/MIN
Max: 2.5937 line: 230
Min: 0.0292482 line: 279

NON ABSOLUTE VALUE MAX/MIN
Max: 0.242583 line: 271
Min: -2.5937 line: 230

ABSOLUTE VALUE ONE STEP CHANGE
Max change: 1.393 line: 294
Min change: 0.0001 line: 61
Average change: 0.0679104


INCREASING / DECREASING
Increasing: 
1 2
11 12
23 27
50 52
57 61
63 80
82 85
88 93
105 109
111 119
133 133
136 140
147 147
154 159
162 170
172 177
183 189
192 196
201 203
214 225
227 230
235 241
246 253
260 262
264 264
266 268
270 271
277 278
280 289
293 294
297 299
306 309
315 322
331 335
339 340
342 352
Decreasing: 
3 10
13 22
28 49
53 56
62 62
81 81
86 87
94 104
110 110
120 132
134 135
141 146
148 153
160 161
171 171
178 182
190 191
197 200
204 213
226 226
231 234
242 245
254 259
263 263
265 265
269 269
272 276
279 279
290 292
295 296
300 305
310 314
323 330
336 338
341 341


