COL: userAcceleration.x
ABSOLUTE VALUE MAX/MIN
Max: 0.11637 line: 226
Min: 0.000107033 line: 203

NON ABSOLUTE VALUE MAX/MIN
Max: 0.0719075 line: 261
Min: -0.11637 line: 226

ABSOLUTE VALUE ONE STEP CHANGE
Max change: 0.0657149 line: 226
Min change: 1.04359e-316 line: 386
Average change: 0.00472424


INCREASING / DECREASING
Increasing: 
3 21
25 28
32 35
37 39
44 44
46 50
56 59
63 63
66 69
72 73
77 80
83 90
93 95
100 101
105 106
109 111
113 115
118 119
125 125
127 128
130 131
136 137
140 140
143 144
146 146
148 148
151 152
157 158
160 161
165 168
171 172
175 175
180 181
183 183
185 187
189 189
194 198
200 200
204 209
211 217
224 226
231 233
235 235
238 238
240 240
242 245
247 248
251 252
257 257
259 261
268 269
272 274
277 277
279 290
296 296
298 298
301 302
304 308
314 318
320 321
323 324
328 332
338 338
344 347
350 357
359 363
365 368
372 378
Decreasing: 
1 2
22 24
29 31
36 36
40 43
45 45
51 55
60 62
64 65
70 71
74 76
81 82
91 92
96 99
102 104
107 108
112 112
116 117
120 124
126 126
129 129
132 135
138 139
141 142
145 145
147 147
149 150
153 156
159 159
162 164
169 170
173 174
176 179
182 182
184 184
188 188
190 193
199 199
201 203
210 210
218 223
227 230
234 234
236 237
239 239
241 241
246 246
249 250
253 256
258 258
262 267
270 271
275 276
278 278
291 295
297 297
299 300
303 303
309 313
319 319
322 322
325 327
333 337
339 343
348 349
358 358
364 364
369 371
379 388


COL: userAcceleration.y
ABSOLUTE VALUE MAX/MIN
Max: 0.771468 line: 283
Min: 2.73266e-05 line: 215

NON ABSOLUTE VALUE MAX/MIN
Max: 0.329619 line: 265
Min: -0.771468 line: 283

ABSOLUTE VALUE ONE STEP CHANGE
Max change: 0.521034 line: 254
Min change: 1.04379e-316 line: 386
Average change: 0.0214231


INCREASING / DECREASING
Increasing: 
3 4
22 26
29 33
35 35
37 38
40 41
45 56
58 66
68 68
70 74
77 77
80 81
87 87
91 92
95 100
102 112
116 117
119 120
122 122
124 127
129 130
136 136
138 138
140 140
143 144
146 146
148 150
154 155
157 157
159 159
162 163
166 168
171 174
176 179
182 187
189 192
194 196
199 199
201 202
204 207
209 209
212 212
214 214
216 217
219 225
227 232
234 236
242 244
246 248
250 255
257 261
263 265
270 270
272 273
276 281
283 283
288 288
292 294
300 305
308 308
310 312
314 314
316 319
321 323
327 343
345 346
348 350
352 353
356 357
359 364
367 369
372 374
376 376
378 380
382 382
385 387
Decreasing: 
1 2
5 21
27 28
34 34
36 36
39 39
42 44
57 57
67 67
69 69
75 76
78 79
82 86
88 90
93 94
101 101
113 115
118 118
121 121
123 123
128 128
131 135
137 137
139 139
141 142
145 145
147 147
151 153
156 156
158 158
160 161
164 165
169 170
175 175
180 181
188 188
193 193
197 198
200 200
203 203
208 208
210 211
213 213
215 215
218 218
226 226
233 233
237 241
245 245
249 249
256 256
262 262
266 269
271 271
274 275
282 282
284 287
289 291
295 299
306 307
309 309
313 313
315 315
320 320
324 326
344 344
347 347
351 351
354 355
358 358
365 366
370 371
375 375
377 377
381 381
383 384
388 388


COL: userAcceleration.z
ABSOLUTE VALUE MAX/MIN
Max: 0.152612 line: 254
Min: 0.000152266 line: 99

NON ABSOLUTE VALUE MAX/MIN
Max: 0.152612 line: 255
Min: -0.137641 line: 287

ABSOLUTE VALUE ONE STEP CHANGE
Max change: 0.098044 line: 257
Min change: 1.04379e-316 line: 386
Average change: 0.00635302


INCREASING / DECREASING
Increasing: 
3 3
5 24
26 28
32 34
36 39
44 46
49 50
52 52
55 59
62 63
67 68
70 70
72 73
80 86
88 88
94 95
98 98
100 102
107 108
113 114
118 118
121 121
123 128
132 132
138 140
144 144
148 151
156 158
162 164
166 167
169 174
177 177
179 180
182 187
189 189
194 200
204 209
213 213
215 220
222 226
229 230
232 232
234 236
240 245
249 250
253 255
257 258
262 264
267 269
272 281
283 287
290 291
295 296
298 299
309 312
314 316
321 322
324 326
329 331
335 337
340 341
345 349
351 351
353 353
357 357
362 362
364 368
370 375
377 377
382 383
388 388
Decreasing: 
1 2
4 4
25 25
29 31
35 35
40 43
47 48
51 51
53 54
60 61
64 66
69 69
71 71
74 79
87 87
89 93
96 97
99 99
103 106
109 112
115 117
119 120
122 122
129 131
133 137
141 143
145 147
152 155
159 161
165 165
168 168
175 176
178 178
181 181
188 188
190 193
201 203
210 212
214 214
221 221
227 228
231 231
233 233
237 239
246 248
251 252
256 256
259 261
265 266
270 271
282 282
288 289
292 294
297 297
300 308
313 313
317 320
323 323
327 328
332 334
338 339
342 344
350 350
352 352
354 356
358 361
363 363
369 369
376 376
378 381
384 387


COL: gameObject.transform.position.x
ABSOLUTE VALUE MAX/MIN
Max: 1.51071 line: 343
Min: 1.49163 line: 271

NON ABSOLUTE VALUE MAX/MIN
Max: 1.51071 line: 389
Min: 1.49163 line: 271

ABSOLUTE VALUE ONE STEP CHANGE
Max change: 1.5 line: 2
Min change: 1e-06 line: 389
Average change: 0.00395534


INCREASING / DECREASING
Increasing: 
1 232
254 258
Decreasing: 
233 253
259 271


COL: gameObject.transform.position.y
ABSOLUTE VALUE MAX/MIN
Max: 1.5 line: 2
Min: 1.5 line: 2

NON ABSOLUTE VALUE MAX/MIN
Max: 1.5 line: 389
Min: 1.5 line: 389

ABSOLUTE VALUE ONE STEP CHANGE
Max change: 1.5 line: 2
Min change: 1.5 line: 389
Average change: 0.00386598


INCREASING / DECREASING
Increasing: 
Decreasing: 


COL: gameObject.transform.position.z
ABSOLUTE VALUE MAX/MIN
Max: 2.68282 line: 351
Min: 1e+06 line: 0

NON ABSOLUTE VALUE MAX/MIN
Max: 0 line: 351
Min: -2.68282 line: 389

ABSOLUTE VALUE ONE STEP CHANGE
Max change: 1 line: 2
Min change: 1e-06 line: 389
Average change: 0.00691449


INCREASING / DECREASING
Increasing: 
Decreasing: 


COL: eulerAngles.x
ABSOLUTE VALUE MAX/MIN
Max: 11.1843 line: 214
Min: 0.405683 line: 291

NON ABSOLUTE VALUE MAX/MIN
Max: 11.1843 line: 214
Min: -0.2014 line: 256

ABSOLUTE VALUE ONE STEP CHANGE
Max change: 8.8068 line: 2
Min change: 0.00014 line: 138
Average change: 0.200541


INCREASING / DECREASING
Increasing: 
1 3
6 28
37 39
45 46
50 51
54 57
59 59
62 64
67 72
80 84
86 92
99 100
102 109
111 113
115 117
119 124
132 135
138 140
144 147
152 153
157 158
163 189
195 196
199 201
207 210
212 214
220 221
229 230
236 237
242 245
253 253
256 260
264 268
271 275
281 282
292 298
304 318
321 322
330 341
346 369
371 378
380 380
382 385
Decreasing: 
4 5
29 36
40 44
47 49
52 53
58 58
60 61
65 66
73 79
85 85
93 98
101 101
110 110
114 114
118 118
125 131
136 137
141 143
148 151
154 156
159 162
190 194
197 198
202 206
211 211
215 219
222 228
231 235
238 241
246 252
254 255
261 263
269 270
276 280
283 291
299 303
319 320
323 329
342 345
370 370
379 379
381 381


COL: eulerAngles.y
ABSOLUTE VALUE MAX/MIN
Max: 10.1238 line: 26
Min: 0.0116033 line: 270

NON ABSOLUTE VALUE MAX/MIN
Max: 3.45705 line: 243
Min: -10.1238 line: 26

ABSOLUTE VALUE ONE STEP CHANGE
Max change: 7.5908 line: 2
Min change: 0.0006 line: 158
Average change: 0.105162


INCREASING / DECREASING
Increasing: 
1 3
6 26
42 42
88 94
114 119
130 135
157 157
159 174
204 205
220 220
226 228
231 243
253 255
258 264
269 269
271 275
280 281
283 290
294 294
300 306
315 332
370 387
Decreasing: 
4 5
27 41
43 87
95 113
120 129
136 156
158 158
175 203
206 219
221 225
229 230
244 252
256 257
265 268
270 270
276 279
282 282
291 293
295 299
307 314
333 369


COL: eulerAngles.z
ABSOLUTE VALUE MAX/MIN
Max: 3.4649 line: 293
Min: 0.183274 line: 25

NON ABSOLUTE VALUE MAX/MIN
Max: 0.329381 line: 24
Min: -3.4649 line: 293

ABSOLUTE VALUE ONE STEP CHANGE
Max change: 1.3649 line: 288
Min change: 0.0001 line: 335
Average change: 0.0799472


INCREASING / DECREASING
Increasing: 
1 2
4 5
22 24
26 30
34 35
42 49
58 61
68 68
74 74
76 80
84 84
86 86
91 93
99 104
108 113
116 119
128 131
134 135
154 154
165 167
172 188
190 193
203 218
220 223
226 228
231 231
236 238
247 249
257 259
262 264
268 269
275 278
283 283
285 286
290 293
297 297
300 302
310 311
334 339
348 366
368 375
Decreasing: 
3 3
6 21
25 25
31 33
36 41
50 57
62 67
69 73
75 75
81 83
85 85
87 90
94 98
105 107
114 115
120 127
132 133
136 153
155 164
168 171
189 189
194 202
219 219
224 225
229 230
232 235
239 246
250 256
260 261
265 267
270 274
279 282
284 284
287 289
294 296
298 299
303 309
312 333
340 347
367 367
376 377


