COL: userAcceleration.x
ABSOLUTE VALUE MAX/MIN
Max: 0.106297 line: 222
Min: 0.000191121 line: 34

NON ABSOLUTE VALUE MAX/MIN
Max: 0.0713301 line: 192
Min: -0.106297 line: 222

ABSOLUTE VALUE ONE STEP CHANGE
Max change: 0.0527413 line: 107
Min change: 3.32e-06 line: 316
Average change: 0.00802029


INCREASING / DECREASING
Increasing: 
1 5
9 17
25 25
28 37
39 40
42 44
46 47
49 50
52 59
61 65
67 68
70 75
78 80
82 84
87 87
89 91
93 94
100 102
104 106
109 111
114 116
119 121
126 126
128 129
132 135
138 138
142 146
150 153
155 159
162 167
175 176
179 180
183 184
186 188
191 192
201 205
210 211
214 217
219 222
225 226
229 232
241 241
243 244
248 251
255 257
261 261
270 271
274 275
277 279
282 287
289 293
301 303
307 307
310 311
Decreasing: 
6 8
18 24
26 27
38 38
41 41
45 45
48 48
51 51
60 60
66 66
69 69
76 77
81 81
85 86
88 88
92 92
95 99
103 103
107 108
112 113
117 118
122 125
127 127
130 131
136 137
139 141
147 149
154 154
160 161
168 174
177 178
181 182
185 185
189 190
193 200
206 209
212 213
218 218
223 224
227 228
233 240
242 242
245 247
252 254
258 260
262 269
272 273
276 276
280 281
288 288
294 300
304 306
308 309
312 312


COL: userAcceleration.y
ABSOLUTE VALUE MAX/MIN
Max: 0.649914 line: 106
Min: 4.30807e-05 line: 286

NON ABSOLUTE VALUE MAX/MIN
Max: 0.560246 line: 38
Min: -0.649914 line: 106

ABSOLUTE VALUE ONE STEP CHANGE
Max change: 0.643844 line: 107
Min change: 1.585e-05 line: 316
Average change: 0.0667802


INCREASING / DECREASING
Increasing: 
1 7
9 12
16 16
22 30
32 35
38 38
40 40
43 43
46 48
52 56
59 62
65 65
67 67
69 71
75 80
82 83
86 87
91 94
97 99
103 103
105 109
111 113
116 116
118 118
122 122
124 129
133 136
138 141
143 143
147 149
151 153
155 156
158 158
160 161
163 165
168 168
170 174
177 181
185 188
191 196
198 199
201 203
205 205
207 210
214 214
216 217
219 222
224 228
231 231
238 243
245 245
249 253
255 257
260 261
266 267
273 275
277 279
282 282
285 285
287 287
289 293
295 297
299 299
301 302
307 309
311 311
314 314
Decreasing: 
8 8
13 15
17 21
31 31
36 37
39 39
41 42
44 45
49 51
57 58
63 64
66 66
68 68
72 74
81 81
84 85
88 90
95 96
100 102
104 104
110 110
114 115
117 117
119 121
123 123
130 132
137 137
142 142
144 146
150 150
154 154
157 157
159 159
162 162
166 167
169 169
175 176
182 184
189 190
197 197
200 200
204 204
206 206
211 213
215 215
218 218
223 223
229 230
232 237
244 244
246 248
254 254
258 259
262 265
268 272
276 276
280 281
283 284
286 286
288 288
294 294
298 298
300 300
303 306
310 310
312 313
315 316


COL: userAcceleration.z
ABSOLUTE VALUE MAX/MIN
Max: 0.173447 line: 35
Min: 0.00158025 line: 127

NON ABSOLUTE VALUE MAX/MIN
Max: 0.173447 line: 35
Min: -0.14677 line: 109

ABSOLUTE VALUE ONE STEP CHANGE
Max change: 0.130868 line: 105
Min change: 1.231e-05 line: 316
Average change: 0.0156231


INCREASING / DECREASING
Increasing: 
1 3
6 9
11 11
13 14
16 16
19 22
28 30
34 35
38 40
43 44
46 48
54 59
61 61
66 67
69 70
76 83
86 86
88 93
98 99
102 103
105 105
107 109
111 113
124 129
132 133
136 136
138 142
148 152
154 155
159 162
164 165
170 172
174 175
177 179
181 185
194 196
198 201
205 211
214 214
218 222
224 224
226 226
229 234
241 247
249 250
254 259
267 278
283 285
291 291
295 297
304 304
313 313
Decreasing: 
4 5
10 10
12 12
15 15
17 18
23 27
31 33
36 37
41 42
45 45
49 53
60 60
62 65
68 68
71 75
84 85
87 87
94 97
100 101
104 104
106 106
110 110
114 123
130 131
134 135
137 137
143 147
153 153
156 158
163 163
166 169
173 173
176 176
180 180
186 193
197 197
202 204
212 213
215 217
223 223
225 225
227 228
235 240
248 248
251 253
260 266
279 282
286 290
292 294
298 303
305 312


COL: gameObject.transform.position.x
ABSOLUTE VALUE MAX/MIN
Max: 2.35064 line: 1
Min: 1e+06 line: 21122848

NON ABSOLUTE VALUE MAX/MIN
Max: 0 line: 1
Min: -2.35064 line: 12

ABSOLUTE VALUE ONE STEP CHANGE
Max change: 0.003132 line: 69
Min change: 1e-06 line: 317
Average change: 0.00096413


INCREASING / DECREASING
Increasing: 
1 12
175 195
223 233
Decreasing: 
13 174
196 222


COL: gameObject.transform.position.y
ABSOLUTE VALUE MAX/MIN
Max: 1.5 line: 1
Min: 1.5 line: 1

NON ABSOLUTE VALUE MAX/MIN
Max: 1.5 line: 317
Min: 1.5 line: 317

ABSOLUTE VALUE ONE STEP CHANGE
Max change: 0 line: 21075008
Min change: 1e+06 line: 317
Average change: 0


INCREASING / DECREASING
Increasing: 
Decreasing: 


COL: gameObject.transform.position.z
ABSOLUTE VALUE MAX/MIN
Max: 3.24781 line: 312
Min: 0.00562723 line: 110

NON ABSOLUTE VALUE MAX/MIN
Max: 3.24781 line: 317
Min: -1.39945 line: 12

ABSOLUTE VALUE ONE STEP CHANGE
Max change: 0.023896 line: 264
Min change: 1e-06 line: 317
Average change: 0.0146709


INCREASING / DECREASING
Increasing: 
1 12
Decreasing: 
13 109


COL: eulerAngles.x
ABSOLUTE VALUE MAX/MIN
Max: 7.5986 line: 132
Min: 0.20569 line: 249

NON ABSOLUTE VALUE MAX/MIN
Max: 1.99737 line: 259
Min: -7.5986 line: 132

ABSOLUTE VALUE ONE STEP CHANGE
Max change: 2.9448 line: 200
Min change: 0.0002 line: 37
Average change: 0.388418


INCREASING / DECREASING
Increasing: 
1 12
14 15
21 25
32 32
34 38
41 45
50 53
59 59
61 61
65 70
77 80
82 85
90 92
96 98
100 102
105 105
107 107
111 111
117 120
122 126
129 132
135 135
143 149
152 154
158 159
167 172
174 178
187 193
195 195
198 198
200 200
204 205
211 218
221 224
233 240
246 247
249 253
256 259
263 266
274 277
280 280
282 283
285 297
307 313
Decreasing: 
13 13
16 20
26 31
33 33
39 40
46 49
54 58
60 60
62 64
71 76
81 81
86 89
93 95
99 99
103 104
106 106
108 110
112 116
121 121
127 128
133 134
136 142
150 151
155 157
160 166
173 173
179 186
194 194
196 197
199 199
201 203
206 210
219 220
225 232
241 245
248 248
254 255
260 262
267 273
278 279
281 281
284 284
298 306


COL: eulerAngles.y
ABSOLUTE VALUE MAX/MIN
Max: 179.998 line: 232
Min: 178.892 line: 180

NON ABSOLUTE VALUE MAX/MIN
Max: 179.998 line: 232
Min: -179.915 line: 233

ABSOLUTE VALUE ONE STEP CHANGE
Max change: 1.2114 line: 102
Min change: 0.0002 line: 234
Average change: 0.200679


INCREASING / DECREASING
Increasing: 
1 2
7 9
29 44
69 84
87 87
90 92
94 97
113 139
141 142
157 174
181 186
189 190
193 195
211 211
213 222
227 233
251 258
267 267
275 286
295 306
Decreasing: 
3 6
10 28
45 68
85 86
88 89
93 93
98 112
140 140
143 156
175 180
187 188
191 192
196 210
212 212
223 226
234 250
259 266
268 274
287 294
307 315


COL: eulerAngles.z
ABSOLUTE VALUE MAX/MIN
Max: 3.7314 line: 59
Min: 0.0184018 line: 239

NON ABSOLUTE VALUE MAX/MIN
Max: 1.97051 line: 159
Min: -3.7314 line: 59

ABSOLUTE VALUE ONE STEP CHANGE
Max change: 0.9676 line: 45
Min change: 0.0003 line: 286
Average change: 0.181989


INCREASING / DECREASING
Increasing: 
1 7
11 13
21 29
33 34
38 40
42 42
44 45
49 50
52 59
67 67
71 71
73 76
81 83
85 87
92 92
94 99
102 105
113 115
120 124
129 130
133 137
148 153
157 159
164 165
168 175
179 181
185 185
188 188
196 198
202 203
205 209
216 222
227 231
240 249
253 255
267 268
273 281
287 290
293 296
Decreasing: 
8 10
14 20
30 32
35 37
41 41
43 43
46 48
51 51
60 66
68 70
72 72
77 80
84 84
88 91
93 93
100 101
106 112
116 119
125 128
131 132
138 147
154 156
160 163
166 167
176 178
182 184
186 187
189 195
199 201
204 204
210 215
223 226
232 239
250 252
256 266
269 272
282 286
291 292
297 307


