COL: userAcceleration.x
ABSOLUTE VALUE MAX/MIN
Max: 0.122257 line: 88
Min: 0.000275322 line: 334

NON ABSOLUTE VALUE MAX/MIN
Max: 0.122257 line: 88
Min: -0.101489 line: 267

ABSOLUTE VALUE ONE STEP CHANGE
Max change: 0.0816798 line: 88
Min change: 1.391e-05 line: 324
Average change: 0.00939266


INCREASING / DECREASING
Increasing: 
1 3
7 11
13 18
23 23
25 25
27 29
33 34
36 37
39 41
46 49
51 51
54 62
68 73
77 78
82 86
88 88
90 91
93 93
96 98
105 106
108 112
115 117
121 123
125 129
134 137
139 139
146 148
151 152
157 161
164 164
166 168
178 180
182 183
185 186
189 190
193 199
203 210
212 212
215 216
219 219
225 230
232 235
238 238
242 242
253 254
257 259
262 267
276 276
279 280
282 286
294 299
306 306
308 309
314 315
320 322
325 325
Decreasing: 
4 6
12 12
19 22
24 24
26 26
30 32
35 35
38 38
42 45
50 50
52 53
63 67
74 76
79 81
87 87
89 89
92 92
94 95
99 104
107 107
113 114
118 120
124 124
130 133
138 138
140 145
149 150
153 156
162 163
165 165
169 177
181 181
184 184
187 188
191 192
200 202
211 211
213 214
217 218
220 224
231 231
236 237
239 241
243 252
255 256
260 261
268 275
277 278
281 281
287 293
300 305
307 307
310 313
316 319
323 324
326 330


COL: userAcceleration.y
ABSOLUTE VALUE MAX/MIN
Max: 0.616129 line: 32
Min: 2.55762e-05 line: 313

NON ABSOLUTE VALUE MAX/MIN
Max: 0.506317 line: 36
Min: -0.616129 line: 32

ABSOLUTE VALUE ONE STEP CHANGE
Max change: 0.500941 line: 32
Min change: 3.608e-05 line: 324
Average change: 0.055331


INCREASING / DECREASING
Increasing: 
1 5
7 9
11 11
13 14
18 26
29 32
35 37
40 41
43 48
54 56
58 60
63 63
65 67
70 73
78 83
86 86
88 89
93 98
103 104
106 107
109 110
112 112
114 117
120 124
126 129
131 132
135 135
138 138
140 142
148 148
150 151
156 158
161 161
164 164
166 166
173 176
181 182
185 185
187 187
190 191
194 198
201 204
206 207
209 212
215 216
218 218
221 224
227 230
232 232
234 236
238 238
243 247
249 252
254 254
256 261
264 266
269 272
274 275
279 280
283 287
289 290
294 297
300 301
303 306
309 309
313 318
321 322
326 326
329 330
332 333
Decreasing: 
6 6
10 10
12 12
15 17
27 28
33 34
38 39
42 42
49 53
57 57
61 62
64 64
68 69
74 77
84 85
87 87
90 92
99 102
105 105
108 108
111 111
113 113
118 119
125 125
130 130
133 134
136 137
139 139
143 147
149 149
152 155
159 160
162 163
165 165
167 172
177 180
183 184
186 186
188 189
192 193
199 200
205 205
208 208
213 214
217 217
219 220
225 226
231 231
233 233
237 237
239 242
248 248
253 253
255 255
262 263
267 268
273 273
276 278
281 282
288 288
291 293
298 299
302 302
307 308
310 312
319 320
323 325
327 328
331 331


COL: userAcceleration.z
ABSOLUTE VALUE MAX/MIN
Max: 0.174097 line: 88
Min: 5.06661e-05 line: 244

NON ABSOLUTE VALUE MAX/MIN
Max: 0.152921 line: 81
Min: -0.174097 line: 88

ABSOLUTE VALUE ONE STEP CHANGE
Max change: 0.132564 line: 184
Min change: 1.1456e-05 line: 324
Average change: 0.0166499


INCREASING / DECREASING
Increasing: 
1 3
6 9
11 11
14 19
21 22
25 29
31 35
37 37
39 41
45 47
52 54
56 56
58 60
62 62
64 67
74 75
78 81
83 83
86 88
95 99
103 107
109 110
112 114
123 123
126 129
131 132
135 143
146 148
150 150
153 155
157 162
165 169
174 177
181 187
189 190
192 193
199 204
206 210
213 214
221 225
229 230
232 233
237 238
244 248
250 252
255 255
257 257
261 262
264 266
268 275
289 289
297 299
306 307
309 315
322 322
325 325
327 327
331 332
Decreasing: 
4 5
10 10
12 13
20 20
23 24
30 30
36 36
38 38
42 44
48 51
55 55
57 57
61 61
63 63
68 73
76 77
82 82
84 85
89 94
100 102
108 108
111 111
115 122
124 125
130 130
133 134
144 145
149 149
151 152
156 156
163 164
170 173
178 180
188 188
191 191
194 198
205 205
211 212
215 220
226 228
231 231
234 236
239 243
249 249
253 254
256 256
258 260
263 263
267 267
276 288
290 296
300 305
308 308
316 321
323 324
326 326
328 330


COL: gameObject.transform.position.x
ABSOLUTE VALUE MAX/MIN
Max: 2.56109 line: 1
Min: 1e+06 line: 21122848

NON ABSOLUTE VALUE MAX/MIN
Max: 0 line: 1
Min: -2.56109 line: 9

ABSOLUTE VALUE ONE STEP CHANGE
Max change: 0.003587 line: 67
Min change: 1e-06 line: 334
Average change: 0.00178577


INCREASING / DECREASING
Increasing: 
1 9
Decreasing: 


COL: gameObject.transform.position.y
ABSOLUTE VALUE MAX/MIN
Max: 1.5 line: 1
Min: 1.5 line: 1

NON ABSOLUTE VALUE MAX/MIN
Max: 1.5 line: 334
Min: 1.5 line: 334

ABSOLUTE VALUE ONE STEP CHANGE
Max change: 0 line: 21121600
Min change: 1e+06 line: 334
Average change: 0


INCREASING / DECREASING
Increasing: 
Decreasing: 


COL: gameObject.transform.position.z
ABSOLUTE VALUE MAX/MIN
Max: 4.96338 line: 279
Min: 0.00722276 line: 67

NON ABSOLUTE VALUE MAX/MIN
Max: 4.96338 line: 279
Min: -0.797267 line: 9

ABSOLUTE VALUE ONE STEP CHANGE
Max change: 0.025205 line: 263
Min change: 1e-06 line: 334
Average change: 0.017272


INCREASING / DECREASING
Increasing: 
1 9
67 279
Decreasing: 
10 66


COL: eulerAngles.x
ABSOLUTE VALUE MAX/MIN
Max: 4.7962 line: 83
Min: 0.0329591 line: 271

NON ABSOLUTE VALUE MAX/MIN
Max: 4.32343 line: 1
Min: -4.7962 line: 83

ABSOLUTE VALUE ONE STEP CHANGE
Max change: 2.40766 line: 88
Min change: 0.0001 line: 323
Average change: 0.368333


INCREASING / DECREASING
Increasing: 
4 6
13 14
17 19
24 26
30 31
33 34
36 39
44 46
52 59
62 65
69 71
76 78
81 83
87 88
90 95
102 104
106 106
108 109
112 112
115 115
117 122
124 125
127 129
131 131
133 134
140 142
145 149
157 157
159 160
168 168
170 175
178 179
182 184
188 189
194 204
206 208
215 221
226 227
230 231
235 237
240 244
253 253
255 255
258 258
260 263
267 268
272 273
276 280
283 289
295 302
317 317
320 322
Decreasing: 
1 3
7 12
15 16
20 23
27 29
32 32
35 35
40 43
47 51
60 61
66 68
72 75
79 80
84 86
89 89
96 101
105 105
107 107
110 111
113 114
116 116
123 123
126 126
130 130
132 132
135 139
143 144
150 156
158 158
161 167
169 169
176 177
180 181
185 187
190 193
205 205
209 214
222 225
228 229
232 234
238 239
245 252
254 254
256 257
259 259
264 266
269 271
274 275
281 282
290 294
303 316
318 319


COL: eulerAngles.y
ABSOLUTE VALUE MAX/MIN
Max: 178.158 line: 242
Min: 1e+06 line: 21122320

NON ABSOLUTE VALUE MAX/MIN
Max: 0 line: 242
Min: -178.158 line: 242

ABSOLUTE VALUE ONE STEP CHANGE
Max change: 0.7854 line: 227
Min change: 0.0007 line: 296
Average change: 0.127378


INCREASING / DECREASING
Increasing: 
1 3
13 20
24 37
39 43
48 48
52 52
58 59
64 71
74 86
88 89
92 93
114 116
118 121
124 134
136 147
161 161
165 166
174 190
208 210
213 214
217 217
222 235
237 242
256 256
258 263
275 275
285 293
297 317
Decreasing: 
4 12
21 23
38 38
44 47
49 51
53 57
60 63
72 73
87 87
90 91
94 113
117 117
122 123
135 135
148 160
162 164
167 173
191 207
211 212
215 216
218 221
236 236
243 255
257 257
264 274
276 284
294 296
318 324


COL: eulerAngles.z
ABSOLUTE VALUE MAX/MIN
Max: 5.4435 line: 62
Min: 1e+06 line: 21121600

NON ABSOLUTE VALUE MAX/MIN
Max: 0 line: 62
Min: -5.4435 line: 62

ABSOLUTE VALUE ONE STEP CHANGE
Max change: 1.5574 line: 109
Min change: 0.0001 line: 317
Average change: 0.184244


INCREASING / DECREASING
Increasing: 
1 7
10 12
16 19
21 23
31 31
36 36
39 40
43 46
51 57
60 62
66 69
73 74
80 80
85 85
89 89
93 96
100 107
111 112
116 119
123 123
131 131
134 135
142 149
154 157
159 159
161 163
167 170
173 175
185 186
189 190
192 196
198 198
200 207
211 211
214 218
225 226
229 229
233 234
240 243
250 254
263 267
271 283
291 296
304 304
314 316
318 320
331 331
Decreasing: 
8 9
13 15
20 20
24 30
32 35
37 38
41 42
47 50
58 59
63 65
70 72
75 79
81 84
86 88
90 92
97 99
108 110
113 115
120 122
124 130
132 133
136 141
150 153
158 158
160 160
164 166
171 172
176 184
187 188
191 191
197 197
199 199
208 210
212 213
219 224
227 228
230 232
235 239
244 249
255 262
268 270
284 290
297 303
305 313
317 317
321 330
332 333


