COL: userAcceleration.x
ABSOLUTE VALUE MAX/MIN
Max: 0.115222 line: 200
Min: 0.000484202 line: 360

NON ABSOLUTE VALUE MAX/MIN
Max: 0.0754677 line: 204
Min: -0.115222 line: 200

ABSOLUTE VALUE ONE STEP CHANGE
Max change: 0.0581606 line: 66
Min change: 1.69e-06 line: 354
Average change: 0.00848859


INCREASING / DECREASING
Increasing: 
1 6
11 17
23 25
28 28
34 34
36 40
43 44
48 55
64 66
68 74
79 79
86 88
90 90
92 94
98 98
101 107
110 111
116 119
121 126
130 130
134 134
136 139
141 141
144 144
148 148
150 152
154 154
158 161
168 171
173 176
178 178
180 180
193 195
198 200
202 204
207 210
212 214
217 218
228 231
233 236
242 243
250 251
253 255
257 257
261 261
268 269
276 276
278 289
295 295
300 300
304 307
311 313
315 319
326 326
328 330
337 338
340 344
346 349
351 351
356 362
Decreasing: 
7 10
18 22
26 27
29 33
35 35
41 42
45 47
56 63
67 67
75 78
80 85
89 89
91 91
95 97
99 100
108 109
112 115
120 120
127 129
131 133
135 135
140 140
142 143
145 147
149 149
153 153
155 157
162 167
172 172
177 177
179 179
181 192
196 197
201 201
205 206
211 211
215 216
219 227
232 232
237 241
244 249
252 252
256 256
258 260
262 267
270 275
277 277
290 294
296 299
301 303
308 310
314 314
320 325
327 327
331 336
339 339
345 345
350 350
352 355
363 364


COL: userAcceleration.y
ABSOLUTE VALUE MAX/MIN
Max: 0.905164 line: 91
Min: 0.000156277 line: 341

NON ABSOLUTE VALUE MAX/MIN
Max: 0.514455 line: 148
Min: -0.905164 line: 91

ABSOLUTE VALUE ONE STEP CHANGE
Max change: 0.896809 line: 92
Min change: 7.148e-05 line: 354
Average change: 0.0680974


INCREASING / DECREASING
Increasing: 
3 7
9 10
13 13
15 16
18 20
24 24
26 27
29 32
36 36
39 40
42 44
46 50
52 52
54 57
59 63
65 66
68 70
72 72
77 80
82 88
90 94
96 96
98 100
102 102
104 107
109 109
113 116
118 120
122 122
124 126
128 128
131 133
137 141
143 144
147 148
150 151
153 154
159 161
166 170
173 176
180 180
184 184
186 186
188 193
195 200
202 202
206 208
212 213
216 218
221 223
225 226
228 231
234 236
238 238
240 242
244 246
249 249
251 251
253 255
257 260
262 265
272 280
282 282
284 285
287 290
293 294
298 302
304 306
308 318
322 324
328 332
334 335
337 339
341 346
349 351
353 355
357 360
362 362
Decreasing: 
1 2
8 8
11 12
14 14
17 17
21 23
25 25
28 28
33 35
37 38
41 41
45 45
51 51
53 53
58 58
64 64
67 67
71 71
73 76
81 81
89 89
95 95
97 97
101 101
103 103
108 108
110 112
117 117
121 121
123 123
127 127
129 130
134 136
142 142
145 146
149 149
152 152
155 158
162 165
171 172
177 179
181 183
185 185
187 187
194 194
201 201
203 205
209 211
214 215
219 220
224 224
227 227
232 233
237 237
239 239
243 243
247 248
250 250
252 252
256 256
261 261
266 271
281 281
283 283
286 286
291 292
295 297
303 303
307 307
319 321
325 327
333 333
336 336
340 340
347 348
352 352
356 356
361 361
363 364


COL: userAcceleration.z
ABSOLUTE VALUE MAX/MIN
Max: 0.13078 line: 259
Min: 0.000290944 line: 9

NON ABSOLUTE VALUE MAX/MIN
Max: 0.122124 line: 90
Min: -0.13078 line: 260

ABSOLUTE VALUE ONE STEP CHANGE
Max change: 0.102851 line: 65
Min change: 6.687e-05 line: 365
Average change: 0.0125639


INCREASING / DECREASING
Increasing: 
3 4
7 8
10 13
15 19
22 24
26 28
34 36
39 39
41 42
46 46
48 51
55 57
61 62
65 69
73 74
81 97
99 100
105 108
112 115
118 122
126 126
128 134
139 141
143 143
145 151
153 154
158 159
167 167
169 169
171 173
175 176
180 184
192 193
196 199
202 205
208 208
217 217
220 223
225 229
231 236
239 239
243 248
251 251
253 254
256 257
259 260
264 267
269 269
272 279
281 282
289 293
297 298
303 304
306 310
318 323
326 326
332 332
337 339
344 349
357 357
359 363
Decreasing: 
1 2
5 6
9 9
14 14
20 21
25 25
29 33
37 38
40 40
43 45
47 47
52 54
58 60
63 64
70 72
75 80
98 98
101 104
109 111
116 117
123 125
127 127
135 138
142 142
144 144
152 152
155 157
160 166
168 168
170 170
174 174
177 179
185 191
194 195
200 201
206 207
209 216
218 219
224 224
230 230
237 238
240 242
249 250
252 252
255 255
258 258
261 263
268 268
270 271
280 280
283 288
294 296
299 302
305 305
311 317
324 325
327 331
333 336
340 343
350 356
358 358


COL: gameObject.transform.position.x
ABSOLUTE VALUE MAX/MIN
Max: 2.64454 line: 1
Min: 1e+06 line: 21122320

NON ABSOLUTE VALUE MAX/MIN
Max: 0 line: 1
Min: -2.64454 line: 19

ABSOLUTE VALUE ONE STEP CHANGE
Max change: 0.003422 line: 238
Min change: 1e-06 line: 365
Average change: 0.00134714


INCREASING / DECREASING
Increasing: 
1 19
Decreasing: 


COL: gameObject.transform.position.y
ABSOLUTE VALUE MAX/MIN
Max: 1.5 line: 1
Min: 1.5 line: 1

NON ABSOLUTE VALUE MAX/MIN
Max: 1.5 line: 365
Min: 1.5 line: 365

ABSOLUTE VALUE ONE STEP CHANGE
Max change: 0 line: 21121600
Min change: 1e+06 line: 365
Average change: 0


INCREASING / DECREASING
Increasing: 
Decreasing: 


COL: gameObject.transform.position.z
ABSOLUTE VALUE MAX/MIN
Max: 4.59357 line: 358
Min: 0.0178824 line: 107

NON ABSOLUTE VALUE MAX/MIN
Max: 4.59357 line: 365
Min: -1.19523 line: 19

ABSOLUTE VALUE ONE STEP CHANGE
Max change: 0.024691 line: 179
Min change: 1e-06 line: 365
Average change: 0.0159002


INCREASING / DECREASING
Increasing: 
1 19
Decreasing: 
20 106


COL: eulerAngles.x
ABSOLUTE VALUE MAX/MIN
Max: 5.0133 line: 146
Min: 0.00482619 line: 274

NON ABSOLUTE VALUE MAX/MIN
Max: 4.63504 line: 97
Min: -5.0133 line: 146

ABSOLUTE VALUE ONE STEP CHANGE
Max change: 3.20369 line: 257
Min change: 0.00023669 line: 319
Average change: 0.402096


INCREASING / DECREASING
Increasing: 
1 5
9 9
13 14
17 24
30 38
41 44
46 48
56 57
63 64
66 66
68 70
72 72
74 74
76 78
87 89
92 97
108 111
114 115
117 119
124 126
131 141
144 146
150 152
155 159
165 167
169 173
177 179
181 181
186 190
195 196
198 202
205 207
216 220
224 225
227 228
231 233
239 243
247 253
256 258
262 265
269 271
275 276
278 278
281 283
289 293
309 310
318 322
327 329
332 337
339 342
352 358
Decreasing: 
6 8
10 12
15 16
25 29
39 40
45 45
49 55
58 62
65 65
67 67
71 71
73 73
75 75
79 86
90 91
98 107
112 113
116 116
120 123
127 130
142 143
147 149
153 154
160 164
168 168
174 176
180 180
182 185
191 194
197 197
203 204
208 215
221 223
226 226
229 230
234 238
244 246
254 255
259 261
266 268
272 274
277 277
279 280
284 288
294 308
311 317
323 326
330 331
338 338
343 351


COL: eulerAngles.y
ABSOLUTE VALUE MAX/MIN
Max: 179.521 line: 264
Min: 1e+06 line: 21122848

NON ABSOLUTE VALUE MAX/MIN
Max: 0 line: 264
Min: -179.521 line: 264

ABSOLUTE VALUE ONE STEP CHANGE
Max change: 1.1222 line: 144
Min change: 0.001 line: 361
Average change: 0.162087


INCREASING / DECREASING
Increasing: 
1 13
20 23
30 46
56 57
62 62
67 68
71 74
76 77
83 96
100 101
104 104
118 120
133 150
153 154
161 161
176 179
184 184
190 205
236 236
239 264
281 287
305 313
319 343
351 356
Decreasing: 
14 19
24 29
47 55
58 61
63 66
69 70
75 75
78 82
97 99
102 103
105 117
121 132
151 152
155 160
162 175
180 183
185 189
206 235
237 238
265 280
288 304
314 318
344 350
357 361


COL: eulerAngles.z
ABSOLUTE VALUE MAX/MIN
Max: 4.26176 line: 98
Min: 0.204599 line: 232

NON ABSOLUTE VALUE MAX/MIN
Max: 4.26176 line: 98
Min: -1.0132 line: 173

ABSOLUTE VALUE ONE STEP CHANGE
Max change: 0.961481 line: 149
Min change: 1.7e-05 line: 361
Average change: 0.153891


INCREASING / DECREASING
Increasing: 
1 4
7 7
19 22
26 28
33 38
42 44
56 61
63 63
67 72
78 81
86 90
93 95
97 98
100 100
118 118
123 124
126 132
138 144
148 149
155 156
160 163
170 173
175 179
182 189
194 199
202 204
207 207
216 220
226 227
231 234
238 241
247 255
258 258
263 270
282 283
285 287
292 294
302 308
317 323
326 339
342 342
350 353
357 360
Decreasing: 
5 6
8 18
23 25
29 32
39 41
45 55
62 62
64 66
73 77
82 85
91 92
96 96
99 99
101 117
119 122
125 125
133 137
145 147
150 154
157 159
164 169
174 174
180 181
190 193
200 201
205 206
208 215
221 225
228 230
235 237
242 246
256 257
259 262
271 281
284 284
288 291
295 301
309 316
324 325
340 341
343 349
354 356


