COL: userAcceleration.x
ABSOLUTE VALUE MAX/MIN
Max: 0.0795652 line: 65
Min: 1.96399e-05 line: 44

NON ABSOLUTE VALUE MAX/MIN
Max: 0.0795283 line: 37
Min: -0.0795652 line: 65

ABSOLUTE VALUE ONE STEP CHANGE
Max change: 0.0490548 line: 65
Min change: 4.915e-05 line: 369
Average change: 0.00860165


INCREASING / DECREASING
Increasing: 
1 5
10 12
21 23
25 27
31 37
40 41
44 47
51 56
60 62
64 65
69 70
72 73
81 84
87 89
91 93
95 96
104 107
112 114
117 120
125 125
129 132
135 137
141 143
145 147
151 151
153 154
156 157
160 164
172 174
177 182
186 188
191 193
197 202
207 208
211 213
215 218
225 227
233 233
235 238
244 244
246 246
248 249
253 256
260 265
269 270
272 273
275 275
278 279
286 292
297 302
310 310
313 316
318 323
326 328
336 342
352 352
354 354
358 359
361 361
363 363
Decreasing: 
6 9
13 20
24 24
28 30
38 39
42 43
48 50
57 59
63 63
66 68
71 71
74 80
85 86
90 90
94 94
97 103
108 111
115 116
121 124
126 128
133 134
138 140
144 144
148 150
152 152
155 155
158 159
165 171
175 176
183 185
189 190
194 196
203 206
209 210
214 214
219 224
228 232
234 234
239 243
245 245
247 247
250 252
257 259
266 268
271 271
274 274
276 277
280 285
293 296
303 309
311 312
317 317
324 325
329 335
343 351
353 353
355 357
360 360
362 362
364 365


COL: userAcceleration.y
ABSOLUTE VALUE MAX/MIN
Max: 0.620925 line: 204
Min: 9.52055e-05 line: 112

NON ABSOLUTE VALUE MAX/MIN
Max: 0.446578 line: 264
Min: -0.620925 line: 204

ABSOLUTE VALUE ONE STEP CHANGE
Max change: 0.520346 line: 204
Min change: 5.26e-06 line: 369
Average change: 0.0504354


INCREASING / DECREASING
Increasing: 
1 4
6 7
12 12
14 18
20 21
25 29
32 36
40 40
42 43
45 48
53 53
56 63
65 65
69 70
72 72
74 77
82 82
84 86
88 89
91 93
95 96
101 104
107 108
113 115
117 118
121 122
125 126
129 130
132 134
136 138
140 143
146 147
150 153
155 156
159 163
166 167
171 177
179 179
182 183
185 185
188 195
198 199
201 204
207 209
211 212
214 215
220 221
226 231
233 233
236 238
244 244
246 246
250 252
254 254
257 258
260 262
264 264
266 267
269 270
275 276
283 284
286 289
291 291
295 295
297 297
299 302
307 308
310 312
315 315
317 317
320 321
324 326
328 328
330 331
333 334
339 351
353 353
356 357
359 359
361 361
363 365
Decreasing: 
5 5
8 11
13 13
19 19
22 24
30 31
37 39
41 41
44 44
49 52
54 55
64 64
66 68
71 71
73 73
78 81
83 83
87 87
90 90
94 94
97 100
105 106
109 112
116 116
119 120
123 124
127 128
131 131
135 135
139 139
144 145
148 149
154 154
157 158
164 165
168 170
178 178
180 181
184 184
186 187
196 197
200 200
205 206
210 210
213 213
216 219
222 225
232 232
234 235
239 243
245 245
247 249
253 253
255 256
259 259
263 263
265 265
268 268
271 274
277 282
285 285
290 290
292 294
296 296
298 298
303 306
309 309
313 314
316 316
318 319
322 323
327 327
329 329
332 332
335 338
352 352
354 355
358 358
360 360
362 362
366 366


COL: userAcceleration.z
ABSOLUTE VALUE MAX/MIN
Max: 0.170316 line: 295
Min: 6.41713e-05 line: 171

NON ABSOLUTE VALUE MAX/MIN
Max: 0.12066 line: 118
Min: -0.170316 line: 295

ABSOLUTE VALUE ONE STEP CHANGE
Max change: 0.153648 line: 295
Min change: 2.2352e-05 line: 369
Average change: 0.0143442


INCREASING / DECREASING
Increasing: 
1 4
6 6
8 12
17 17
19 22
25 29
32 33
37 40
46 48
51 52
56 61
63 63
66 72
76 80
85 89
91 94
96 97
100 100
102 105
109 109
112 118
120 122
126 127
134 137
146 147
150 155
158 158
161 163
166 168
171 172
175 175
177 181
183 183
187 187
192 197
200 201
203 204
207 214
216 216
219 219
222 228
233 233
235 237
239 240
245 245
248 249
251 258
260 262
264 264
266 269
274 274
276 283
286 288
290 295
302 310
317 320
326 330
348 352
357 358
362 364
Decreasing: 
5 5
7 7
13 16
18 18
23 24
30 31
34 36
41 45
49 50
53 55
62 62
64 65
73 75
81 84
90 90
95 95
98 99
101 101
106 108
110 111
119 119
123 125
128 133
138 145
148 149
156 157
159 160
164 165
169 170
173 174
176 176
182 182
184 186
188 191
198 199
202 202
205 206
215 215
217 218
220 221
229 232
234 234
238 238
241 244
246 247
250 250
259 259
263 263
265 265
270 273
275 275
284 285
289 289
296 301
311 316
321 325
331 347
353 356
359 361
365 365


COL: gameObject.transform.position.x
ABSOLUTE VALUE MAX/MIN
Max: 2.46821 line: 1
Min: 1e+06 line: 21121328

NON ABSOLUTE VALUE MAX/MIN
Max: 0 line: 1
Min: -2.46821 line: 4

ABSOLUTE VALUE ONE STEP CHANGE
Max change: 0.002339 line: 79
Min change: 1e-06 line: 369
Average change: 0.000911356


INCREASING / DECREASING
Increasing: 
1 4
209 210
212 223
266 286
Decreasing: 
5 208
211 211
224 265


COL: gameObject.transform.position.y
ABSOLUTE VALUE MAX/MIN
Max: 1.5 line: 1
Min: 1.5 line: 1

NON ABSOLUTE VALUE MAX/MIN
Max: 1.5 line: 369
Min: 1.5 line: 369

ABSOLUTE VALUE ONE STEP CHANGE
Max change: 0 line: 21075008
Min change: 1e+06 line: 369
Average change: 0


INCREASING / DECREASING
Increasing: 
Decreasing: 


COL: gameObject.transform.position.z
ABSOLUTE VALUE MAX/MIN
Max: 4.87596 line: 352
Min: 0.00880581 line: 108

NON ABSOLUTE VALUE MAX/MIN
Max: 4.87596 line: 369
Min: -1.61984 line: 4

ABSOLUTE VALUE ONE STEP CHANGE
Max change: 0.025258 line: 254
Min change: 1e-06 line: 369
Average change: 0.0176038


INCREASING / DECREASING
Increasing: 
1 4
Decreasing: 
5 107


COL: eulerAngles.x
ABSOLUTE VALUE MAX/MIN
Max: 5.7361 line: 150
Min: 0.0649388 line: 225

NON ABSOLUTE VALUE MAX/MIN
Max: 1.77155 line: 268
Min: -5.7361 line: 150

ABSOLUTE VALUE ONE STEP CHANGE
Max change: 2.6508 line: 151
Min change: 0.001 line: 364
Average change: 0.376571


INCREASING / DECREASING
Increasing: 
3 3
5 10
14 18
24 26
28 32
38 39
42 45
52 56
60 62
65 67
69 70
72 74
80 86
89 91
94 95
97 105
110 115
117 120
125 125
136 142
145 145
147 150
156 161
164 164
168 172
175 178
184 191
198 201
204 206
210 211
213 214
216 218
224 224
226 231
233 236
240 246
254 258
260 263
266 268
271 274
280 282
285 286
288 289
291 292
294 300
306 309
316 316
321 326
335 339
341 344
353 357
359 362
365 368
Decreasing: 
1 2
4 4
11 13
19 23
27 27
33 37
40 41
46 51
57 59
63 64
68 68
71 71
75 79
87 88
92 93
96 96
106 109
116 116
121 124
126 135
143 144
146 146
151 155
162 163
165 167
173 174
179 183
192 197
202 203
207 209
212 212
215 215
219 223
225 225
232 232
237 239
247 253
259 259
264 265
269 270
275 279
283 284
287 287
290 290
293 293
301 305
310 315
317 320
327 334
340 340
345 352
358 358
363 364


COL: eulerAngles.y
ABSOLUTE VALUE MAX/MIN
Max: 179.992 line: 286
Min: 178.854 line: 272

NON ABSOLUTE VALUE MAX/MIN
Max: 179.985 line: 215
Min: -179.992 line: 286

ABSOLUTE VALUE ONE STEP CHANGE
Max change: 0.9273 line: 290
Min change: 0.0001 line: 315
Average change: 0.12548


INCREASING / DECREASING
Increasing: 
1 2
20 32
35 41
43 45
48 48
52 56
62 64
68 69
79 91
97 98
105 110
122 129
136 146
148 151
154 157
163 163
168 168
173 173
176 176
179 184
186 186
192 208
210 211
214 215
219 223
226 226
237 237
239 240
248 254
256 265
268 268
270 270
273 273
275 279
283 286
294 296
298 299
309 310
312 315
325 325
327 335
342 348
357 360
Decreasing: 
3 19
33 34
42 42
46 47
49 51
57 61
65 67
70 78
92 96
99 104
111 121
130 135
147 147
152 153
158 162
164 167
169 172
174 175
177 178
185 185
187 191
209 209
212 213
216 218
224 225
227 236
238 238
241 247
255 255
266 267
269 269
271 272
274 274
280 282
287 293
297 297
300 308
311 311
316 324
326 326
336 341
349 356
361 367


COL: eulerAngles.z
ABSOLUTE VALUE MAX/MIN
Max: 2.9206 line: 119
Min: 0.00759618 line: 78

NON ABSOLUTE VALUE MAX/MIN
Max: 1.85539 line: 267
Min: -2.9206 line: 119

ABSOLUTE VALUE ONE STEP CHANGE
Max change: 0.8266 line: 181
Min change: 0.000347249 line: 102
Average change: 0.141013


INCREASING / DECREASING
Increasing: 
1 3
11 21
26 31
33 37
44 49
53 60
70 71
74 75
78 79
84 89
94 95
103 107
113 119
126 126
131 132
137 140
144 146
150 151
154 156
158 161
166 166
171 177
182 188
192 195
202 204
207 208
212 213
221 223
228 233
235 235
238 239
241 242
244 247
251 252
254 262
265 267
275 282
286 292
296 296
299 300
306 317
319 323
335 339
359 366
Decreasing: 
4 10
22 25
32 32
38 43
50 52
61 69
72 73
76 77
80 83
90 93
96 102
108 112
120 125
127 130
133 136
141 143
147 149
152 153
157 157
162 165
167 170
178 181
189 191
196 201
205 206
209 211
214 220
224 227
234 234
236 237
240 240
243 243
248 250
253 253
263 264
268 274
283 285
293 295
297 298
301 305
318 318
324 334
340 358


