COL: userAcceleration.x
ABSOLUTE VALUE MAX/MIN
Max: 0.115899 line: 330
Min: 0.000458325 line: 168

NON ABSOLUTE VALUE MAX/MIN
Max: 0.115899 line: 331
Min: -0.0999197 line: 241

ABSOLUTE VALUE ONE STEP CHANGE
Max change: 0.0726373 line: 333
Min change: 4.37e-07 line: 409
Average change: 0.00892673


INCREASING / DECREASING
Increasing: 
1 6
9 12
17 22
24 28
31 31
33 34
37 37
39 40
45 50
55 58
63 69
74 76
79 82
85 86
88 90
95 95
97 97
101 106
109 114
116 119
122 124
126 127
130 133
136 138
140 142
146 149
153 153
157 159
161 162
164 164
169 176
178 180
183 188
192 201
205 207
210 210
215 215
217 219
224 224
226 229
233 241
246 247
253 260
265 269
279 284
289 294
296 300
302 304
309 313
317 325
327 331
334 336
340 342
347 353
355 360
365 366
369 370
372 374
378 379
385 388
390 394
397 397
402 404
Decreasing: 
7 8
13 16
23 23
29 30
32 32
35 36
38 38
41 44
51 54
59 62
70 73
77 78
83 84
87 87
91 94
96 96
98 100
107 108
115 115
120 121
125 125
128 129
134 135
139 139
143 145
150 152
154 156
160 160
163 163
165 168
177 177
181 182
189 191
202 204
208 209
211 214
216 216
220 223
225 225
230 232
242 245
248 252
261 264
270 278
285 288
295 295
301 301
305 308
314 316
326 326
332 333
337 339
343 346
354 354
361 364
367 368
371 371
375 377
380 384
389 389
395 396
398 401


COL: userAcceleration.y
ABSOLUTE VALUE MAX/MIN
Max: 0.652246 line: 323
Min: 0.000823105 line: 388

NON ABSOLUTE VALUE MAX/MIN
Max: 0.484765 line: 32
Min: -0.652246 line: 323

ABSOLUTE VALUE ONE STEP CHANGE
Max change: 0.607216 line: 85
Min change: 3.598e-06 line: 409
Average change: 0.0595754


INCREASING / DECREASING
Increasing: 
3 8
10 15
19 20
24 24
26 29
31 32
34 37
40 40
42 44
47 47
49 52
55 56
58 59
61 64
66 73
76 77
79 85
87 88
90 93
95 96
101 102
105 106
108 109
111 112
114 121
125 127
129 133
136 137
139 141
143 144
146 149
151 152
154 156
160 160
163 165
168 174
177 181
185 189
191 193
197 200
202 203
205 208
211 212
215 221
225 225
228 237
240 240
244 245
247 247
249 250
252 253
256 264
266 271
273 276
278 282
285 286
289 290
292 293
296 296
298 301
303 304
307 311
314 314
317 321
323 323
326 326
328 328
330 334
337 338
340 341
343 344
346 351
353 353
355 357
359 359
361 365
367 368
371 372
378 378
382 383
386 387
389 389
391 392
395 395
Decreasing: 
1 2
9 9
16 18
21 23
25 25
30 30
33 33
38 39
41 41
45 46
48 48
53 54
57 57
60 60
65 65
74 75
78 78
86 86
89 89
94 94
97 100
103 104
107 107
110 110
113 113
122 124
128 128
134 135
138 138
142 142
145 145
150 150
153 153
157 159
161 162
166 167
175 176
182 184
190 190
194 196
201 201
204 204
209 210
213 214
222 224
226 227
238 239
241 243
246 246
248 248
251 251
254 255
265 265
272 272
277 277
283 284
287 288
291 291
294 295
297 297
302 302
305 306
312 313
315 316
322 322
324 325
327 327
329 329
335 336
339 339
342 342
345 345
352 352
354 354
358 358
360 360
366 366
369 370
373 377
379 381
384 385
388 388
390 390
393 394
396 397


COL: userAcceleration.z
ABSOLUTE VALUE MAX/MIN
Max: 0.161018 line: 85
Min: 0.00067923 line: 354

NON ABSOLUTE VALUE MAX/MIN
Max: 0.161018 line: 85
Min: -0.153453 line: 237

ABSOLUTE VALUE ONE STEP CHANGE
Max change: 0.130574 line: 235
Min change: 8e-07 line: 409
Average change: 0.0157907


INCREASING / DECREASING
Increasing: 
3 3
6 7
10 11
13 19
21 24
28 29
31 32
35 39
44 47
50 51
53 54
56 58
61 61
64 70
73 73
76 81
84 85
87 90
97 101
103 103
107 109
111 114
117 118
121 126
129 138
140 140
142 144
146 147
157 158
160 160
163 163
169 171
173 175
177 178
182 183
185 187
189 189
191 194
202 203
205 206
209 210
216 217
221 222
224 224
226 230
232 237
245 247
251 254
257 257
261 264
266 266
269 271
277 277
279 284
288 293
295 296
302 304
308 315
319 321
323 323
326 332
340 341
344 347
351 353
355 357
360 362
364 366
369 370
376 379
382 384
391 391
393 394
397 398
400 400
403 406
Decreasing: 
1 2
4 5
8 9
12 12
20 20
25 27
30 30
33 34
40 43
48 49
52 52
55 55
59 60
62 63
71 72
74 75
82 83
86 86
91 96
102 102
104 106
110 110
115 116
119 120
127 128
139 139
141 141
145 145
148 156
159 159
161 162
164 168
172 172
176 176
179 181
184 184
188 188
190 190
195 201
204 204
207 208
211 215
218 220
223 223
225 225
231 231
238 244
248 250
255 256
258 260
265 265
267 268
272 276
278 278
285 287
294 294
297 301
305 307
316 318
322 322
324 325
333 339
342 343
348 350
354 354
358 359
363 363
367 368
371 375
380 381
385 390
392 392
395 396
399 399
401 402


COL: gameObject.transform.position.x
ABSOLUTE VALUE MAX/MIN
Max: 2.33901 line: 1
Min: 1e+06 line: 21120992

NON ABSOLUTE VALUE MAX/MIN
Max: 0 line: 1
Min: -2.33901 line: 1

ABSOLUTE VALUE ONE STEP CHANGE
Max change: 0.002767 line: 61
Min change: 1e-06 line: 409
Average change: 0.000788689


INCREASING / DECREASING
Increasing: 
1 2
207 225
283 287
322 330
332 333
336 349
Decreasing: 
3 206
226 282
288 321
331 331
334 335


COL: gameObject.transform.position.y
ABSOLUTE VALUE MAX/MIN
Max: 1.5 line: 1
Min: 1.5 line: 1

NON ABSOLUTE VALUE MAX/MIN
Max: 1.5 line: 409
Min: 1.5 line: 409

ABSOLUTE VALUE ONE STEP CHANGE
Max change: 0 line: 21121520
Min change: 1e+06 line: 409
Average change: 0


INCREASING / DECREASING
Increasing: 
Decreasing: 


COL: gameObject.transform.position.z
ABSOLUTE VALUE MAX/MIN
Max: 4.95924 line: 390
Min: 0.00989794 line: 120

NON ABSOLUTE VALUE MAX/MIN
Max: 4.95924 line: 390
Min: -1.7931 line: 1

ABSOLUTE VALUE ONE STEP CHANGE
Max change: 0.024504 line: 185
Min change: 4e-06 line: 409
Average change: 0.0165044


INCREASING / DECREASING
Increasing: 
1 2
120 390
Decreasing: 
3 119


COL: eulerAngles.x
ABSOLUTE VALUE MAX/MIN
Max: 5.31762 line: 210
Min: 0.00657283 line: 38

NON ABSOLUTE VALUE MAX/MIN
Max: 5.31762 line: 210
Min: -4.5904 line: 86

ABSOLUTE VALUE ONE STEP CHANGE
Max change: 3.3757 line: 86
Min change: 2.7e-05 line: 409
Average change: 0.425263


INCREASING / DECREASING
Increasing: 
1 2
5 12
15 17
26 26
28 31
34 36
39 43
50 51
53 55
58 58
60 61
63 64
66 67
71 72
77 82
84 86
89 91
93 98
108 111
114 115
121 125
129 130
136 139
143 145
149 150
152 154
157 158
161 164
171 173
175 177
179 181
183 188
190 194
200 201
205 210
220 224
230 232
235 235
237 240
245 249
251 255
260 260
262 262
264 265
267 267
269 271
278 284
289 296
300 302
307 309
313 315
318 321
323 325
328 330
338 338
341 343
349 350
352 352
354 358
364 366
372 377
384 384
387 388
403 405
Decreasing: 
3 4
13 14
18 25
27 27
32 33
37 38
44 49
52 52
56 57
59 59
62 62
65 65
68 70
73 76
83 83
87 88
92 92
99 107
112 113
116 120
126 128
131 135
140 142
146 148
151 151
155 156
159 160
165 170
174 174
178 178
182 182
189 189
195 199
202 204
211 219
225 229
233 234
236 236
241 244
250 250
256 259
261 261
263 263
266 266
268 268
272 277
285 288
297 299
303 306
310 312
316 317
322 322
326 327
331 337
339 340
344 348
351 351
353 353
359 363
367 371
378 383
385 386
389 402


COL: eulerAngles.y
ABSOLUTE VALUE MAX/MIN
Max: 179.995 line: 335
Min: 178.483 line: 218

NON ABSOLUTE VALUE MAX/MIN
Max: 179.995 line: 335
Min: -179.982 line: 330

ABSOLUTE VALUE ONE STEP CHANGE
Max change: 1.055 line: 292
Min change: 0.0004 line: 409
Average change: 0.151966


INCREASING / DECREASING
Increasing: 
1 2
8 10
17 28
30 34
36 43
45 46
50 50
61 84
86 89
97 98
104 107
117 117
120 133
136 143
146 156
164 164
176 178
182 187
189 204
206 206
208 209
219 225
235 240
247 247
250 264
274 285
287 287
295 295
297 303
311 311
313 321
325 335
343 349
354 358
367 367
369 371
381 386
Decreasing: 
3 7
11 16
29 29
35 35
44 44
47 49
51 60
85 85
90 96
99 103
108 116
118 119
134 135
144 145
157 163
165 175
179 181
188 188
205 205
207 207
210 218
226 234
241 246
248 249
265 273
286 286
288 294
296 296
304 310
312 312
322 324
336 342
350 353
359 366
368 368
372 380
387 394


COL: eulerAngles.z
ABSOLUTE VALUE MAX/MIN
Max: 5.5838 line: 292
Min: 1e+06 line: 21122848

NON ABSOLUTE VALUE MAX/MIN
Max: 0 line: 292
Min: -5.5838 line: 292

ABSOLUTE VALUE ONE STEP CHANGE
Max change: 1.3521 line: 230
Min change: 0.0002 line: 409
Average change: 0.209049


INCREASING / DECREASING
Increasing: 
1 3
6 7
13 29
33 34
41 44
48 50
52 60
63 63
70 71
73 76
78 82
84 84
88 90
93 96
98 99
107 110
113 116
121 123
129 135
138 138
144 145
152 156
164 171
173 175
182 185
190 199
204 206
208 208
213 216
223 232
241 241
246 256
265 268
274 277
284 292
301 302
306 307
311 317
326 328
334 335
340 340
345 350
352 353
357 358
360 362
367 367
371 374
388 390
398 399
Decreasing: 
4 5
8 12
30 32
35 40
45 47
51 51
61 62
64 69
72 72
77 77
83 83
85 87
91 92
97 97
100 106
111 112
117 120
124 128
136 137
139 143
146 151
157 163
172 172
176 181
186 189
200 203
207 207
209 212
217 222
233 240
242 245
257 264
269 273
278 283
293 300
303 305
308 310
318 325
329 333
336 339
341 344
351 351
354 356
359 359
363 366
368 370
375 387
391 397
400 406


